80 10
4036 464 351 483 713 731 16 802 525 159 
373 63 620 398 891 213 320 106 523 906 
2977 658 971 709 602 274 806 415 112 868 
71 506 10 256 257 258 104 806 132 287 
2207 711 398 316 846 350 360 1003 294 353 
2207 711 788 145 257 315 999 267 112 277 
2458 180 748 311 251 471 323 804 1018 361 
3871 503 494 365 381 559 44 1007 835 461 
3150 109 714 127 257 283 303 26 1 904 
1619 96 406 26 657 284 943 206 578 840 
3863 71 75 726 183 956 232 3 152 954 
3187 316 346 159 386 600 1017 76 57 997 
3049 366 220 385 408 349 1007 468 111 776 
130 589 581 118 319 734 72 685 954 803 
3124 94 622 184 762 887 72 275 731 891 
526 850 678 795 146 887 247 225 502 159 
342 530 27 712 34 681 285 91 283 141 
2075 259 816 396 607 567 472 157 421 173 
236 259 684 212 51 432 889 208 752 867 
3638 374 244 472 668 90 586 41 967 282 
262 168 354 129 845 1023 795 269 818 248 
1696 374 922 740 854 547 996 471 699 387 
1696 374 354 372 373 964 211 836 659 865 
3638 168 534 897 7 488 121 823 45 179 
639 168 328 897 332 359 989 619 395 211 
262 431 886 241 401 301 671 49 372 161 
262 168 413 493 875 410 614 600 47 389 
2075 168 643 241 511 320 435 49 682 780 
487 141 891 755 60 1014 416 600 872 961 
487 522 30 447 122 117 435 273 53 643 
565 281 244 155 547 70 401 629 692 116 
1230 734 365 419 838 813 567 374 513 369 
3901 734 100 67 851 213 999 193 425 151 
3311 711 798 189 57 315 268 706 676 731 
3158 739 783 339 417 489 1017 806 144 479 
3955 643 551 145 265 92 581 875 425 696 
1652 734 387 55 53 780 470 834 99 706 
756 6 145 363 525 410 253 108 152 739 
1593 82 883 305 256 294 408 957 218 410 
3186 67 111 316 362 98 374 210 1022 941 
1092 366 778 405 911 1022 552 807 4 130 
813 642 31 932 967 137 44 47 636 188 
942 247 45 921 808 693 247 965 37 141 
3257 722 831 932 190 165 510 366 710 98 
1840 686 760 322 246 385 900 935 886 260 
4037 875 685 271 902 1010 247 616 131 483 
1898 404 702 618 277 199 344 157 649 384 
2400 933 671 706 299 381 888 342 96 236 
2516 330 702 97 558 730 1010 531 96 531 
329 534 587 763 732 462 331 1000 283 154 
2363 643 477 969 194 127 522 621 996 954 
574 914 0 87 322 710 22 621 133 303 
2732 477 266 314 725 172 643 456 507 792 
2261 886 1005 257 457 567 999 752 655 697 
2261 914 41 967 408 567 547 617 144 292 
1010 486 252 632 342 187 911 52 308 336 
554 36 534 677 222 135 111 740 794 997 
230 977 932 967 6 436 890 761 709 457 
3894 601 462 580 456 168 128 860 65 263 
3451 773 994 488 914 187 305 460 632 473 
2412 581 499 191 354 198 49 170 419 904 
2234 517 702 764 356 995 582 680 726 122 
594 15 199 175 231 797 146 1013 537 320 
1837 526 854 834 607 874 48 807 839 915 
2653 389 766 511 443 320 845 724 447 297 
3373 227 377 773 145 191 38 514 76 998 
2713 803 892 273 164 163 256 412 610 84 
2671 725 984 772 556 395 594 319 322 268 
1528 306 621 40 407 411 409 875 613 201 
1126 515 763 951 72 707 320 344 20 44 
1484 886 489 749 140 324 550 655 727 462 
2914 803 621 205 256 350 241 249 304 7 
1965 412 413 192 558 980 186 161 741 648 
2737 515 787 913 713 317 735 140 607 324 
1701 402 651 316 952 850 319 664 5 463 
541 858 988 684 456 367 340 22 34 297 
1871 113 175 970 737 942 906 199 3 510 
855 153 507 328 968 953 834 534 756 750 
1696 374 387 717 985 404 554 32 837 770 
1573 53 304 855 985 524 267 344 665 762 
