2687
2560
13.5971737
-0.260574669
-1.05737543
0.123987183
1.84425247
-0.392903119
0.0844725147
0.0733445138
0.0913767517
0.276628941
-0.701288283
-0.219435856
0.686153591
-3.21333385
-0.236628383
-0.0386996455
0.066838026
0.0766793191
-3.10632658
-0.0515292175
-0.458687752
-0.497171819
0.425436318
-1.99856281
0.189203605
-0.335285217
0.660224855
-0.0815063268
0.847381115
-0.180769652
-0.278494924
-0.13471961
14.870492
-0.0502141044
0.803532302
-0.527601838
0.335145772
-0.19882223
0.677115679
0.162998989
0.321381092
-0.112672314
0.854522407
-0.0325655974
0.767201543
-0.0139544709
-0.0382008031
-0.0649661943
0.00363610033
-0.168340176
0.382139772
-0.244900599
-0.773283303
-0.220380813
0.112008676
-0.00707318587
-0.809670687
0.216197506
-0.225906298
0.32606253
-0.0754016787
-0.237914264
-0.375907898
-0.246088624
-1.26245642
0.406624019
0.00277863233
-0.206775934
-0.243202984
-0.168799028
0.356709182
0.238341048
-0.141064614
0.0833491534
-0.799368501
0.0740802512
-0.221887469
0.164396629
-0.0582489595
0.347193718
-0.177609503
0.245978162
-0.025279833
0.235126778
0.497174203
-0.144226745
-0.0821739733
-0.257619858
0.444775373
-0.0936096907
-0.589921057
0.218098387
-0.271587282
0.497776359
-0.748588443
-0.0506895222
-0.402961284
0.111146584
-0.173858956
0.687540352
0.224197209
0.110107996
0.693207622
-0.111959346
-0.117929466
-0.115009546
0.188567579
0.0779687315
0.0392635986
-0.0182011221
0.285890698
0.283317506
0.436035097
0.283210218
0.222653911
-0.152057171
-0.393869728
1.67468381
0.0658011809
0.213680983
-0.401829451
-0.0509344526
0.391840637
-0.0391942263
-0.451543212
0.942129374
0.277059555
0.0386514813
0.159302041
0.263366222
0.199042886
0.173766643
0.0795650408
0.113330409
0.208018631
-0.366719365
0.0203716066
-0.122839607
-0.0641006604
0.23929143
-0.713682771
-0.101380564
-0.181126028
-0.213137254
-0.505474567
0.631402314
-0.0039394456
-0.33781606
-0.152353004
-0.0354471058
0.372277707
0.136805609
0.100803599
0.302428544
-0.281353444
0.0581940189
-0.353974015
0.219534755
1.33485937
0.0766644105
-0.0234794468
0.25668171
-0.0994816124
0.669047117
-0.0112500759
1.03898156
0.346917719
-0.0950581282
-0.377791464
-0.0986215174
0.0554661453
0.32827428
0.213091373
0.0938336402
0.115886383
-0.0642955154
-0.306122839
0.0983498171
0.0384545773
0.415171713
-0.0352220051
-0.729631007
0.00546434056
-0.0841672793
0.271059483
-0.041793488
0.110629603
0.0852112919
0.0038686716
0.104881831
0.199186981
-0.740575731
-0.932222962
-0.0782852396
-0.028159257
0.135558859
0.0969254449
-0.451089323
0.442997962
0.395656079
0.386233896
0.0907622352
-0.339693815
0.166466162
-0.0813509673
0.202397928
-0.1509514
-0.0934538469
0.174219087
0.225917205
-0.155066565
0.0302822869
-0.115487114
1.47607577
0.0553293675
-0.317775339
0.601887941
-0.173163369
0.355703562
0.551101506
0.628409803
0.484523743
0.80579865
-0.253163666
-0.188254476
-0.459810108
-0.26227358
-0.231138349
0.017918041
0.619573176
0.594815433
-0.235758737
0.164196476
0.313184381
0.306436568
0.00475234725
-0.102178484
-0.0170838162
0.132740051
-0.176582083
0.169629693
-0.416223407
-0.212002754
0.10765411
-0.336700112
0.384148747
-0.178550601
-0.0245017856
0.335450947
0.170866579
0.178918809
-0.0621002987
-0.430755585
0.467683941
0.0332075804
-0.294813871
-0.231957957
-0.19180204
-0.0715251043
-0.118513778
0.174778685
0.000423834746
-0.180258706
0.0521127544
-0.46418348
-0.359573126
-0.145277902
0.0890162438
-0.124385476
-0.523549497
0.316364676
0.428035617
0.192290202
0.103538178
0.326330423
0.109594807
0.229687288
-0.300330162
0.190587968
0.115573891
0.244800508
0.11405573
-0.349458516
-0.26360774
0.0548927225
-0.193067923
0.0952810869
-0.189918786
-0.202534914
-0.231761977
-0.246076465
0.288278908
0.230464906
-0.192308828
-0.41992408
0.406969577
-0.0820397884
-0.804248929
0.000952394505
0.228020534
-0.168424755
0.18775706
-0.0118587725
0.129404828
0.465828925
-0.00986733288
-0.499985099
0.158894688
-0.0239939429
-0.0794213787
-0.220157176
0.139177769
0.0678244755
-0.219022691
-0.099620156
-0.51732415
-0.290834814
-0.151625708
0.0168094859
0.304836035
-0.111333728
-0.48647207
0.125640139
-0.0247960929
-0.0478984192
0.0899223462
-0.166280508
0.207687929
0.343007803
-2.4275713
0.0509870462
0.255933642
-0.000193564134
-0.313513011
-0.179264843
0.0972137302
-0.115972757
0.301260918
0.0087265661
0.400400311
-0.0918221772
-0.441517383
-0.330902457
-0.190364763
-0.766708672
0.000507797347
-0.204304114
-0.146175876
-0.349540591
-0.408837974
0.143988907
-0.132409111
-0.0101807015
-0.00197078637
-0.345083296
0.0913691968
0.208685026
0.453977853
0.237232655
0.129064202
0.319193363
0.475642651
0.0587667041
-0.199707702
0.0221956782
0.145545453
0.0847395584
-0.0170725938
-0.252846062
-0.00686459243
0.503169715
-0.15171808
0.134437233
-0.290496111
-0.465180874
-0.119750366
-0.430262238
0.0259407591
-0.16244109
0.183928534
0.457090288
0.512154043
0.0756700635
0.11322584
-0.205203235
0.451628506
0.11164891
0.169181615
0.0488043725
-0.0333381221
-0.429197013
-0.280062467
-0.533499479
0.285423636
0.33811152
-0.254037589
-0.322892785
0.362026989
-0.0894811153
0.168928325
-0.233441189
-0.60424298
-0.115907341
-0.0477121063
0.0606307089
-0.321095854
-0.257683635
0.31505692
0.0199956987
0.131046563
-0.14670673
0.202756286
-0.68479228
0.0102973534
0.071974352
-0.0822308287
-0.127957463
0.379310399
0.0365670286
0.0937212557
0.141634747
0.215181753
-0.0723899826
-0.195909932
0.213151425
-0.00394253945
-0.141647205
0.173468336
-0.074820444
-0.105085731
-0.0282919295
0.086830847
0.185294613
-0.0296841897
-0.174822181
-0.0720905885
0.0222155172
-0.191071525
-0.158514649
-0.0583908223
0.391879231
-0.0828599036
0.134810969
-0.201964587
0.132920027
0.204258427
-0.150718838
-0.245151892
-0.00778174587
0.105250068
0.095671989
-0.0699730366
-0.149493486
-0.188355237
-0.00726479851
0.093691811
0.300601065
0.354734391
0.454349518
-0.0450041406
0.196700409
0.0673384443
0.0107798167
-0.124719761
-0.0599409454
0.28988564
0.0642265677
0.0657163188
-0.244464442
-0.134402186
0.0467570163
0.202947229
-0.499532878
0.103729993
0.00439774105
0.0233488586
-0.0599397682
-0.102562666
0.0566715859
-0.370453
-0.128015101
-0.0134254685
0.0445143953
-0.173445165
0.0570815206
0.250833601
-0.212502539
0.534849465
-0.143107101
-0.185287759
-0.298074067
0.303809494
0.140670836
0.496319473
0.300097078
-0.110590905
-0.191201136
-0.0205510091
-0.0088432245
-0.50385505
0.277923286
0.141626567
0.10684748
-0.218462735
0.0708503127
-0.0373274088
0.251223952
-0.390647084
-0.320955515
0.417845607
0.0998729989
-0.0258390047
0.211109564
-0.311998636
0.0395398363
0.152495801
-0.0799278244
-0.250218302
-0.282714844
0.342829823
0.270161629
-0.245104596
0.202543214
0.0991420746
0.245847493
0.104755603
-0.0552079454
-0.379965276
-0.17227599
-0.010186037
0.074963063
-0.102855697
0.683405757
-0.133446157
-0.169424057
-0.270715237
0.312438577
0.0156234559
0.0206856802
0.266598165
0.536992371
0.461422265
-0.0510571338
0.147429913
0.00792763475
-0.525301039
0.347348481
-0.0123963431
0.00337319262
0.124652229
0.289988339
0.313725263
-0.0944993943
0.369585812
0.177961335
0.18976143
-0.127253577
-0.143132344
-0.0417576842
0.32095477
0.0605730861
-0.170377582
-0.0462617278
0.0874465033
0.175654858
-0.238351673
-0.0635492131
-0.127719253
0.101275057
0.0344017595
0.0434016064
-0.30568704
-0.112377703
0.091659978
0.223495334
-0.0902286619
-0.226634905
-0.186682135
0.0512316562
-0.270340145
-0.0427753627
0.152952194
-0.0730210766
-0.251941323
-0.0365670361
-0.224147677
0.221335858
-0.104289509
-0.162438929
-0.182237208
0.0488150716
-0.136956573
0.14532204
-0.564444304
0.014645624
0.202227831
-0.260793447
-0.074602887
-0.00385425123
-0.223068953
-0.149441764
0.206247121
0.239589855
-0.29603985
0.023907084
0.0854405016
0.334634483
-0.0998411998
-0.0431637354
-0.133480832
-0.139026761
0.0341414101
0.100671321
-0.113202311
0.0731704757
-0.0662352517
0.148807287
0.150388613
-0.0273967665
0.0642595962
-0.328454018
0.101057157
-0.766229331
-0.252589256
0.546874166
0.131012976
0.177943662
0.295848906
-0.23178108
0.200600058
-0.498913169
-0.0274171866
0.281817883
-0.256758988
0.16610834
-0.154368609
-0.148317397
0.23965086
0.238278493
0.167409316
0.0726855695
0.11309097
0.169967711
0.162601054
-0.0923827812
0.0325342491
0.117313929
-0.276804179
-0.0287561435
0.163359612
-0.0831894428
0.0798176825
0.0382235572
0.28215304
-0.17528975
-0.270844668
-0.234714046
0.451116651
-0.145704806
-0.0964150205
-0.0441875122
0.273325533
-0.0285770148
0.197825134
0.164899439
0.704091012
-0.0143137854
-0.263071746
-0.00398611231
-0.0721143559
0.514777422
-0.0643519312
-0.063477762
-0.238566503
-0.188939244
0.0259431321
0.126738042
-0.252055019
-0.195744306
-0.202747494
-0.00856128149
-0.063140288
0.252477169
0.17405653
0.00261379709
-0.183145031
0.0640870258
-0.13751778
-0.336420357
0.215118855
-0.0534573533
-0.143898413
-0.156844184
0.175957948
-0.197906241
0.404303014
-0.000505070842
0.13455081
0.042251341
-0.094131656
0.0607309826
-0.0718319863
0.458393067
-0.107169434
-0.0279693343
-0.0314714946
-0.441508681
-0.234163985
0.0616880134
0.0575369895
0.321359992
0.210402921
-0.515938342
-0.176035002
-0.149304971
0.0479912162
0.00605072593
-0.109632112
-0.313458234
-0.0624040663
-0.247721523
-0.197202399
-0.332970291
0.0845039114
-0.18273069
-0.0694497526
0.0634112954
0.0124893803
-0.450521529
-0.259927809
-0.267690539
-0.126609638
-0.260594308
-0.337822258
0.0108804395
0.151116803
-0.0887719318
0.17813687
-0.331994027
-0.408970356
0.802842915
0.125922799
0.523589253
-0.0829222947
-0.146104872
-0.0597499758
-0.274885565
0.29582122
-0.357091159
0.440033793
0.039090775
0.172991872
-0.0329708792
-0.345960259
-0.336866856
0.120112039
0.153072551
0.215395391
-0.11533238
0.142564207
0.317912042
-0.323892057
-0.232253283
0.041766949
-0.207730368
-0.398794591
0.013368655
0.106981695
0.0877232999
0.501168311
0.303454161
-0.177605301
0.104650982
-0.334795773
-0.429286778
0.534210801
0.0749028474
-0.132970333
0.439326465
-0.250696599
0.317272693
-0.224175483
-0.178917795
0.0283990484
-0.339932233
0.187974513
-0.215335399
0.174216434
-0.0399282873
-0.0749739408
-0.295223117
-0.304238111
-0.208459958
0.159381732
-0.0898407102
0.0859988257
-0.0633003339
-0.0491537265
-0.0721042976
-0.316161931
-0.0116721373
0.402604043
0.130116373
-0.0199658964
-0.135263205
0.0729492977
-0.278021365
0.0764338151
-0.00970029179
-0.278381228
-0.16740483
-0.0368018188
-0.0571216978
-0.154099658
-0.314550757
0.0368820615
-0.128549606
0.0844346359
0.066391848
-0.273964047
0.0946326107
-0.0977621377
0.203191847
-0.0860597268
0.165331662
0.281312883
-0.0966699719
-0.0181858744
-0.0783038884
0.113064267
-0.0826749504
-0.152571812
-0.395230383
0.102822803
-0.165559024
0.289938509
-0.447824329
-0.0540515855
-0.117179744
0.0407259241
-0.342125446
-0.0128962407
0.0756237358
0.195475653
0.274185896
-0.0383847877
0.0445666984
-0.204319149
0.331524104
0.125985071
-0.513602972
0.334823877
0.14120318
-0.177760184
0.0740358457
-0.274106562
0.342468858
-0.17372568
-0.0171976089
-0.0689208359
-0.194083288
-0.307569504
-0.154097497
0.043012049
0.121544421
0.426781535
-0.456158996
-0.16508697
0.238796175
0.129374623
0.442487508
-0.186580196
-0.100817665
-0.088877663
0.019544879
0.147610322
0.358802408
-0.226952761
-0.114509597
-0.0812156275
-0.387798101
0.113750346
0.269627303
-0.291354775
-0.528445721
-0.0466781072
0.24802731
-0.240921766
0.216515273
-0.260943711
0.138068259
-0.00615037978
0.183365881
0.106071658
-0.0337196887
0.0883785486
0.119618334
0.00560947042
0.0421938449
0.0269695017
0.36510542
0.320261478
-0.116193146
-0.0392027423
0.203248546
0.510515809
-0.0239965115
0.193820298
0.139164031
0.187901542
0.0119227534
-0.207172886
0.329137981
-0.0593875013
-0.038919013
-0.00206797221
-0.00302829058
-0.11059808
-0.0854101107
-0.223402947
-0.260999948
0.170460328
-0.412576437
0.287739098
-0.0597711354
-0.234245613
-0.257814199
0.151810944
-0.562650084
-0.374608546
-0.135202527
0.226672485
-0.136992887
-0.345034987
-0.00511153834
-0.218520135
0.0258450266
0.11489211
-0.389289618
-0.0507331192
0.329483598
-0.445889473
-0.37067306
0.0914194509
0.316097528
-0.0775755644
0.0293921456
-0.0649863183
-0.0307970997
0.288449883
-0.219688758
-0.171097919
-0.109534316
0.225775108
-0.327713817
0.259062946
-0.251244992
-0.014546833
0.106081307
0.301464587
-0.671603918
0.0905763656
-0.176013812
0.37107259
0.336998045
-0.0424261242
0.0896414965
0.0904379115
-0.438431025
-0.16990611
-0.231894881
0.0497099794
-0.0268737245
-0.173955128
-0.0593826212
-0.376177013
-0.145823285
0.336562127
0.656589389
-0.139028817
-0.272346109
0.13062796
0.113797441
-0.0862822607
0.010964592
-0.0823014155
0.287661433
-0.336627543
0.0602379963
0.257353842
-0.00899206847
-0.255011946
-0.229768917
0.0769611374
0.118040182
0.365681022
0.252517134
0.266812623
0.145927399
-0.00599601353
0.0442727283
-0.162765101
0.0205495115
0.0704370886
-0.216219857
-0.0450574085
0.115905724
-0.460546732
-0.260392576
-0.767479718
0.345100433
-0.0177352689
-0.232126504
-0.295719177
-0.0607948042
-0.47222206
-0.173496604
0.128499672
-0.377171993
0.0399344414
-0.183212072
0.0225377586
-0.0966239348
0.215535685
0.241697028
-0.10655681
0.173242226
-0.684083521
-0.00252392702
0.041217044
0.256302118
0.349698663
-0.0774615332
0.310320795
-0.295692682
-0.366413653
-0.373747766
-0.0699185878
0.270412177
0.0337335914
0.030653812
-0.00271378132
-0.217618257
-0.062859714
0.0906614065
-0.423472941
-0.0954995304
-0.429136693
0.202997223
0.264873564
-0.093375653
-0.0657582283
0.0884060711
-0.0510013029
0.196128204
-0.265924871
0.339246988
0.144847959
-0.184058353
-0.0538953133
-0.582135499
-0.40315032
0.248591751
-0.142156094
-0.0305923726
0.272601962
-0.0874720737
0.043279469
0.14521654
-0.172865301
0.0853233635
0.219398737
-0.0783444121
-0.118774213
0.234535843
0.0523549505
0.0869133025
0.0601642765
0.0070808935
0.376009613
-0.206714571
0.332449555
0.158228636
-0.130073428
-0.147243172
0.234577
0.0296416655
-0.420280904
0.129574731
0.0972431824
0.139791161
0.295039207
-0.0945187807
0.0659687221
-0.0429161191
0.0687503815
0.0437822118
-0.14506866
0.000470724452
-0.324511111
-0.186030656
0.0536248386
0.332170844
-0.478483915
-0.0213865619
0.0804781392
-0.35956654
0.194922775
0.100950979
0.041696202
0.281786382
0.0838482007
0.28869769
-0.0137627367
-0.0566041879
0.143099397
0.100905903
-0.237468705
0.420924783
0.571790159
0.383637995
0.284083039
-0.0592778809
0.0574387684
-0.398361146
-0.00741436752
-0.154752076
-0.0363476388
-0.305078268
-0.105483644
-0.288749993
0.094225347
-0.26075682
0.289222211
0.396813512
0.452270776
-0.555055916
-0.107190862
-0.0673696771
0.172471315
-0.600108504
0.24123019
-0.245741576
0.142102465
0.188129142
0.400410056
-0.329515874
-0.237510681
0.389300793
0.0925785527
0.198352918
-0.0690123588
0.39744553
-0.259261876
0.0569011755
0.285696864
0.114002593
0.203426838
0.280005872
0.179022118
-0.0261055864
0.0929291397
0.474055648
-0.203465685
0.515182972
-0.181898281
0.339120269
0.388737559
0.102742702
-0.00402994547
0.0898645446
0.268662155
-0.310847908
0.100520901
-0.0803595558
-0.0175422113
-0.336207926
0.000329419738
0.670993805
0.291615695
-0.260418475
-0.489217192
-0.355849445
0.0588133298
-0.367587954
-0.352656841
-0.106432408
0.0679442734
0.382740945
-0.310182571
-0.175457045
0.632443249
0.0639427379
-0.0452520587
-0.0739170089
-0.310979396
0.088200137
0.00801451597
-0.0941331387
0.486409545
-0.133473381
-0.233062521
0.390875936
0.152255714
0.356966376
0.709427118
-0.331662774
-0.286952227
-0.456201911
0.496353626
0.00043951752
-0.00992403924
0.292268932
0.206686601
0.245614439
-0.190762207
-0.101575397
0.179317892
0.741958618
0.440755367
0.165942773
0.265299737
-0.00216106651
-0.134677157
0.230171472
-0.165657163
0.0422995836
-0.0152568305
0.20602116
-0.208179042
-0.113042638
-0.371350825
0.0777069554
-0.124640904
0.276825696
0.0239949878
-0.150571465
-0.240139022
0.241798565
-0.447783619
-0.335251123
0.344409913
0.201434493
0.490458846
0.043170318
0.0757192224
0.167599693
-0.409745663
-0.0267389175
-0.27372998
-0.0973605886
0.437123537
0.341878384
-0.190819666
-0.0592529997
-0.315127105
-0.259102255
0.0346719213
0.0663742721
0.115014292
0.313820541
-0.0896413177
0.0945046693
-0.0136471856
-0.426127434
-0.433967233
0.0615084618
-0.123505838
0.475206137
-0.121002607
-0.144323304
-0.056948889
-0.0878455862
-0.233636081
-0.10427089
-0.22472474
0.290624827
0.0209777094
-0.0621646643
-0.174751282
0.0636373088
-0.290072203
0.0559164844
0.0593470335
0.26931107
0.0936188102
-0.0594400093
-0.249630243
0.303803504
-0.321851671
0.332394183
0.12698628
-0.249631152
-0.158727527
0.252832055
-0.00693957368
0.253904313
-0.0174910035
0.286598206
0.115245946
-0.202088878
0.072615698
-0.495940447
0.00936010573
0.0389519632
0.0326481052
0.470069915
0.273635864
0.27502501
-0.303410232
-0.401536733
-0.0668539479
-0.588724375
-0.287880898
0.133224308
-0.198835
0.218447298
-0.0523648262
0.213022336
0.145077601
0.113036036
0.15852271
-0.151904643
0.0851837397
-0.0764980763
0.0476157479
0.234833837
0.0490384139
-0.0670316219
0.261768728
0.156260237
0.154311657
-0.195572212
-0.136189133
0.168582246
0.253294051
0.327691168
-0.205633387
0.00897794962
-0.0692359656
-0.114135362
0.109211512
0.152363867
0.0772165209
0.030390637
-0.26639837
-0.0439222716
0.0624218732
0.466055065
0.134949416
0.227946505
-0.0833315998
0.487257361
0.0452266745
0.149770498
-0.10537263
0.207662687
0.276682168
-0.430353135
-0.0445553996
0.186984628
0.179752231
0.0933237523
0.16305846
-0.0234198943
-0.122559771
0.0731235221
-0.102223709
-0.177520663
0.0865765065
-0.203482896
-0.383714288
-0.0202338528
-0.0947643742
0.316163063
0.408753335
-0.153902203
0.0631577447
-0.264977038
-0.257119715
0.198080659
0.014618434
0.137156263
-0.276975304
-0.0494281948
-0.194808722
0.0271090623
0.0995275602
0.197775379
0.0816880614
0.0460495055
0.215170518
-0.161779374
0.559277594
-0.68394351
0.134520054
-0.0315355584
-0.359330267
0.161557049
0.435869902
-0.188534915
-0.0282697137
0.043242339
-0.182272896
-0.0337649472
-0.290733129
-0.249625832
0.0524541214
0.183970854
0.0713080242
-0.259109676
-0.204417035
-0.266493201
0.125109911
0.317302495
0.291315854
0.0366060883
0.0936811343
-0.258132875
-0.00451240037
0.0927329212
-0.295999497
-0.0274116583
0.0752104372
-0.0466265343
0.406090528
-0.0658846572
0.0566623881
-0.120918177
0.333965987
0.463621706
-0.058922682
-0.00111988105
-0.362022281
0.140220955
0.0480229147
-0.280486196
-0.232411683
-0.478441924
0.171576992
0.00169238937
0.187763706
0.225613162
0.24781391
-0.110943601
-0.251303464
-0.00646409811
-0.132117987
0.00711113913
-0.178828359
0.241009787
0.236352742
0.282611489
-0.200747088
-0.114463642
-0.213733807
0.100363888
-0.121683024
0.461477101
-0.0577466525
-0.452176005
-0.279540181
-0.301934749
-0.0416780524
-0.0402057134
-0.494427264
0.15866825
0.0762493759
-0.137078866
-0.171620205
0.122684181
-0.0114575122
-0.45932427
0.0664850697
0.139175713
0.107603684
-0.0775592253
0.0187014416
-0.153914571
-0.23245813
0.00209722226
-0.333424032
0.0236325525
0.182285324
-0.421102256
-0.27942121
-0.0321201794
0.287722141
0.231930092
-0.0115499217
-0.255983442
-0.0308672339
0.0867941231
0.0145084625
0.194337726
-0.177637368
0.302071154
0.0467787907
-0.126651943
-0.0195315629
-0.00545226084
-0.0818793997
0.240852356
0.0806917846
0.4687213
-0.31310764
-0.0349668451
0.0452309325
-0.409896821
2.24098682
-0.171333879
-0.00396889402
0.164901718
0.156685352
0.0871899724
-0.0425729007
-0.193061516
0.131115392
-0.0529236756
0.106751896
0.0330846235
-0.10261929
0.501843274
-0.0587416664
0.330330104
0.00971660111
-0.0524006002
0.513984919
-0.0776528046
0.0307023823
0.311297834
0.189598918
-0.201578245
0.157630756
-0.391993433
-0.115697473
0.0449990369
0.0845826119
0.0134547781
-0.349635094
-0.601710021
-0.10451448
-0.0209444109
0.31199038
-0.280121207
-0.180081815
-0.206070736
0.367641628
-0.0314869806
0.11704471
-0.38775903
0.156365693
0.200937003
-0.187797129
-0.275539607
-0.385995418
0.127983898
-0.217679545
-0.202120796
-0.149768978
0.291478366
0.00927323103
-0.114478134
-0.211192176
-0.0680158138
0.564392388
-0.218269587
0.492823333
0.0252509359
0.0101929223
0.0630021468
-0.0883372873
0.138748527
-0.237526223
-0.274107158
-0.0253794789
0.356380403
-0.127536312
0.0153288059
-0.174049094
0.169356048
0.103631437
-0.0118755894
-0.176440835
0.509640038
-0.490277678
-0.1363931
-0.459581345
0.158355087
-0.228064567
1.10606825
-0.0632979199
0.100616127
-0.293724418
0.00335308863
0.23713395
0.430837721
0.00476994971
-0.219447911
-0.0504830666
-0.274374187
0.0193243045
-0.00996687356
-0.00826931093
0.145617485
-0.0904131159
0.399027228
-0.303141057
-0.130364403
0.128133938
0.106216677
-0.309658259
0.0716250688
0.0693510324
0.505432308
0.123979621
-0.303827614
-0.0663813725
0.11619056
-0.0457942523
0.0217139572
0.379802734
-0.100276373
-0.0362916961
-0.169307604
-0.218259111
0.0753347948
-0.239920989
-0.185618624
-0.19292146
-0.197359756
-0.469735712
-0.197351739
0.0120441979
-0.411493868
-0.0854589045
-0.0245573837
-0.396185666
0.102825053
-0.0493854135
-0.0316605419
-0.125203654
-0.360582173
-0.0741058886
0.373387486
-0.122972801
-0.0172348749
-0.188161448
0.260050863
0.0796862319
0.0837102085
-0.297089845
0.0451784022
-0.0933611095
-0.321853101
-0.130265176
0.273586303
0.00738691539
-0.123482436
0.0261570923
-0.100693278
-0.00917473808
0.342503935
0.0146934548
-0.34541285
-0.0692490265
0.041132655
0.0649294779
-0.682853162
0.0743042082
-0.0879592225
0.517407596
0.0332787037
-0.284364313
0.363423139
0.409501255
-0.0834381133
0.380120426
-0.0608172305
-0.210381761
0.299486756
0.126247764
-0.438161731
0.0461401008
0.0343096629
0.367353171
0.363243639
-0.243921101
0.363665462
-0.222768858
0.258490086
-0.0682427362
0.154971555
0.467282891
-0.0521318465
-0.43482703
0.444121927
0.0313393995
-0.115101635
0.100606762
0.0266701207
-0.156347454
-0.321348965
0.598717153
0.283272266
-0.0794617459
-0.324301273
-0.398084223
-0.579333127
0.21302399
-0.321772575
-0.40847984
-0.0342112817
-0.00444994075
0.351888984
0.184916332
-0.354210615
0.0173588432
-0.446227521
0.120233789
-0.164102226
0.168498546
0.310726762
-0.145871893
-0.14391841
-0.523207009
0.583177209
0.296111345
0.16797097
0.102789618
-0.576619923
0.372721106
-0.121803589
-0.0956785604
0.236398697
0.18526943
0.0793989003
-0.128636166
-0.269478589
-0.202858448
-0.077157177
-0.116198361
0.238139555
-0.378316462
-0.443253011
0.228192955
-0.26042363
0.113880433
-0.00711073121
-0.200618535
0.0730463043
-0.222133353
-0.286682844
0.275100082
0.205286637
0.434981942
-0.210496038
0.148816049
-0.247530654
0.305689692
0.0506145544
-0.145672292
0.0587357394
-0.262712985
-0.247622967
0.000449179381
0.363419473
0.273533642
0.0904722214
-0.115700215
0.548258424
-0.242238984
-0.125926614
-0.000951727096
0.415676624
0.201993808
-0.182488203
-0.652094901
-0.259255469
0.0814422071
-0.0638995469
-0.114012256
0.0688354522
-0.0705977157
0.468475163
0.17109625
-0.0235234238
-0.399522275
0.0491926372
-0.293577462
0.0844353288
0.184430778
0.257035285
-0.0981518105
0.164445922
-0.337813586
-0.184799373
0.181212842
-0.33475408
-0.507245243
-0.152956992
-0.38928774
0.0374317132
-0.483333945
-0.0240812264
-0.0782880113
0.0346408151
-0.0911638886
0.15878056
-0.0614550747
0.10108573
-0.0317089558
0.0237967912
0.243411928
0.214135066
-0.756150603
-0.00162994326
0.510941446
-0.028764613
0.00252692658
0.0099010421
-0.453163862
-0.852649748
-0.174457133
0.209299996
0.138037339
-0.0500722714
0.0983398482
0.0219095182
0.0184639152
-0.329606295
0.310688317
0.110285625
0.0920547768
0.110816605
-0.134364784
0.370358706
-0.469120502
-0.441187859
-0.0767941922
-0.261234164
0.0449170694
-0.0771230161
-0.346686244
-0.12991479
0.445456594
0.18180044
0.274990261
-0.193597198
-0.081657812
-0.462387234
-0.238405287
0.411845624
-0.283412158
-0.210461199
0.0729484931
-0.0492575765
-0.0336660892
0.0649942383
0.479175717
-0.00727328146
-0.101750456
-0.22679615
-0.567643046
0.391207457
0.104790777
-0.473959982
-0.269231677
-0.544515669
-0.267476708
-0.0929320306
-0.154753968
0.315528989
-0.266068786
0.335768163
-0.236058637
-0.185375899
-0.0255651902
0.10841845
0.236239389
-0.244261339
0.0811761767
-0.225472942
0.132575542
-0.635025322
-0.141445324
-0.159092829
-0.200531244
-0.0256135333
-0.0371355042
-0.0216450598
-0.0759683102
0.453167081
0.585997581
0.0763744786
-0.200516328
0.182872415
0.237908259
-0.317336559
0.422583997
-0.0114693949
0.0270951074
-0.0864200294
0.00703750877
0.0388379246
0.104725733
-0.0880763084
-0.32418406
0.0978316441
0.340456367
-0.564116657
-0.0851002038
0.176469371
0.104931608
-0.190967262
0.0698645338
-0.193483934
0.114500329
-0.151044622
-0.226456508
-0.103450239
-0.0584786534
0.308335304
0.136733025
-0.055134356
-0.044199761
-0.38183406
-0.262030691
-0.00176306756
-0.0949324369
0.284826756
-0.0676369742
-0.123991214
0.0426924005
-0.227106795
-0.152177423
-0.155242607
0.113679036
-0.263582379
-0.0730365664
0.0608495921
-0.545296371
-0.077801235
0.403321773
0.117742375
-0.0145550147
0.246383488
-0.0479983166
0.0710401535
0.221116632
-0.220789045
0.267169416
-0.051194936
0.041029945
0.0494650193
-0.248080388
-0.168898866
-0.262741536
0.0124269566
0.258817762
0.0423074998
-0.171916872
0.393829614
0.205299273
-0.0771653727
0.189826965
0.181223676
0.0122270472
-0.0696254745
-0.204154268
0.0653835461
0.584820569
0.0519441701
0.180148423
0.0805742741
-0.17224364
0.27065748
0.0551088676
-0.132430941
0.198871747
0.163729608
-0.132958829
-0.0593528673
-0.311137825
0.0159855951
-0.00212156516
0.0819972605
-0.202442795
0.104554914
0.594226778
-0.133292064
0.110802531
-0.277921408
-0.280970484
-0.245222807
-0.153203666
-0.111838855
0.2374212
-0.107268482
-0.257892489
-0.280673802
0.0450450629
-0.0436501913
0.316382468
-0.191081002
0.206383407
-0.0872732252
-0.246597394
-0.0672622994
0.1329768
-0.204100877
-0.14046964
0.197650149
0.205570981
0.412254572
0.197070494
0.0385060199
-0.0706488192
0.0249224566
0.0853168443
0.175631076
-0.104502693
0.0947969556
0.182180002
0.0375032835
0.250389695
0.442181468
-0.422938526
-0.125197917
-0.0796321034
0.0613776371
0.101470858
0.142967656
-0.260182858
-0.132254884
-0.190305635
-0.181530684
-0.14519003
-0.110382967
-0.162889734
-0.162854671
0.158376142
-0.232872456
0.020999318
0.324491948
-0.143977523
-0.0375615098
-0.383271664
-0.230587289
-0.0625857264
0.183196828
-0.0192986429
0.183977365
0.227120385
0.151268378
-0.07149221
0.236882612
0.239261135
0.256048173
0.249593571
0.116334856
0.232706681
-0.130998656
-0.184906006
0.151619181
0.158636332
-0.129682899
0.159569472
-0.226749405
-0.254345536
-0.295984268
0.181423143
0.243875384
0.137764528
-0.0295363236
0.15068914
0.155858487
-0.180266872
0.47626999
0.196130306
-0.368083447
-0.0929689258
-0.155459568
0.0125361839
0.27187413
0.129799217
0.111222386
-0.0903639421
-0.433094114
-0.0474494509
-0.246553004
-0.0878180042
0.285372019
0.062435016
0.15061906
0.0387121662
-0.058775261
0.0556523651
0.494380265
-0.308977544
-0.178946793
0.0246935263
-0.13116768
-0.109849274
0.471101642
0.00990109332
-0.161652088
-0.0825972632
-0.0405650698
-0.38993305
-0.388970405
-0.394950747
-0.223081335
0.350859195
0.311743468
-0.28692475
0.0891610235
0.0545928702
0.35425666
-0.492548883
0.293698609
-0.398783326
-0.116562657
0.219331875
-0.328585774
0.18486321
-0.246859297
0.0744460896
-0.164006263
-0.0211527944
0.152049616
-0.133736387
-0.397234946
0.0652827322
0.0557406731
-0.0213998798
-0.327239007
0.00480895443
0.330757022
-0.0930739716
0.186790079
0.108159237
0.639137387
0.307521105
-0.071183823
0.368540943
-0.00656208675
0.457049638
-0.180909008
0.291898429
-0.134402439
0.0548454374
0.168104768
-0.0716599077
-0.269599438
0.300804615
-0.154247984
-0.243674427
0.290052027
0.20456934
-0.26932615
-0.0135885775
-0.386159271
-0.216935366
0.203036934
0.125274569
0.217042521
-0.113516919
0.429848373
-0.169689253
-0.140202805
0.274521172
-0.182000488
-0.0642663017
-0.121521436
-0.192333341
0.0913190767
0.216224685
-0.0741715878
-0.218661949
-0.292586148
-0.0540866032
-0.0230335351
0.0402540341
0.136355639
-0.055340454
-0.334134191
-0.205533966
-0.129726499
-0.160545155
0.0216626488
0.274928033
-0.164360896
0.117437959
0.0177520234
0.0436587781
0.245158374
-0.0793307051
-0.39083457
-0.0420427918
-0.250286222
-0.352370411
-0.137517214
-0.27871123
0.309746027
0.398868322
-0.1331563
-0.47205162
0.128820017
0.103347979
0.0795266852
0.235875696
-0.0997324437
-0.105200291
-0.312106937
0.0610663556
0.115653709
-0.155494735
0.244642481
-0.45128879
0.210873678
-0.395454139
0.221441314
-0.688637853
0.0202416554
-0.158701241
0.196827322
0.120150387
0.0193253364
0.0321421996
-0.217833504
-0.173745468
0.118180834
0.0344115198
-0.485677123
-0.25858888
0.265052527
0.00676362123
-0.315446109
-0.253370494
-0.0831396133
0.361158758
-0.145282924
0.277177572
0.473183453
0.412464619
-0.180020019
-0.11324317
-0.0558805503
0.281667471
-0.250838786
-0.238915205
0.13826099
0.116618589
0.102952227
-0.0439013094
0.145638645
0.314892769
-0.0737426281
-0.231387332
-0.0904361755
0.055534225
0.480050772
0.726435542
0.0630599186
0.646616578
-0.496897072
0.372086138
-0.339796096
-0.214104742
0.0621163212
-0.201576188
-0.168955028
-0.167641431
0.283085495
0.0617212541
-0.0140518192
0.214342609
-0.0148810856
0.297757089
0.15737544
-0.0782358646
-0.0423358269
-0.0013192537
0.0532616973
-0.543748438
0.115447022
-0.222057164
-0.100777648
-0.399600297
0.199141413
-0.175054863
0.417440087
-0.350262254
0.263734341
-0.17200546
0.0606171489
-0.86088115
-0.417851686
0.139236957
0.238974273
-0.149315313
0.102790318
-0.423487663
-0.148262829
0.13398549
0.0113108931
-0.260294259
0.234825745
-0.350652456
-0.0932865515
0.050614778
-0.0367177166
0.0309527256
0.335075319
-0.261372179
0.0933069289
-0.59827292
-0.237111658
0.212358952
-0.186356425
-0.0368139409
0.0233444683
-0.204042464
0.0206719711
0.450029403
-0.205763757
-0.168929979
0.340001881
-0.142500684
-0.200284034
0.0412254371
-0.0075080297
-0.223359182
-0.295930892
0.137366205
-0.10480392
-0.35165447
0.0458739251
0.12290033
-0.0119141741
-0.120413087
-0.227535993
0.210420042
-0.00750616565
0.0187124275
-0.255265057
0.387471229
0.753024161
0.0617092028
0.0869358853
0.319821626
0.0600969382
0.345277101
-0.249334499
0.00153364986
-0.0684061572
0.104209043
0.11923451
0.0386001319
0.182055846
0.205566317
0.586431026
0.0674585626
0.137603134
-0.0267924592
0.182772458
0.468797386
-0.285126865
0.0261203647
0.112761036
-0.250927031
-0.526334703
0.677830815
0.236798823
0.437093794
-0.938319743
0.108775601
0.244575977
0.225766703
0.231878951
-0.215284646
-0.114532106
0.221937954
-0.803994656
-0.0200785007
-0.494923919
0.196329966
0.315660298
-0.0598741435
0.131240383
-0.00279364665
-0.556849182
-0.233468026
-0.453142196
0.294619948
0.104467385
0.114104241
0.0840970352
-0.430534661
-0.0691467598
0.00207375782
0.206295103
-0.410204947
-0.321305543
-0.257160366
0.178861141
0.237651408
-0.269709289
-0.182292372
-0.229033634
-0.0363462865
-0.0539752916
0.106828459
-0.198957831
-0.111100629
0.0747745186
0.295575678
-0.162458435
-0.0656725019
0.113250822
-0.242804557
0.191500664
-0.0866079479
0.103568666
0.522937059
0.00635953574
0.54618001
0.0446981788
-0.0774691403
-0.174906969
-0.0331782363
-0.239960611
-0.207435384
0.380011201
-0.035433732
-0.14049314
-0.00673477584
0.0222280975
-0.0426498577
-0.086820893
0.173371822
-0.291166991
-0.39791131
0.406829208
0.212141603
-0.219478518
0.290609002
0.131351426
0.216293842
0.0593531504
0.401542276
0.26685676
-0.263782501
0.189565152
0.244166836
-0.530052423
0.444832623
-0.137570277
0.16275084
0.174729884
0.104613893
0.220917642
-0.191153571
0.182746753
0.336025923
-0.0733238906
-0.0972499028
0.138364211
-0.873223007
0.155720398
0.0425061435
-0.215532631
0.215350866
-0.295147717
0.275283784
-0.0356678441
-0.204534456
0.135352701
0.0507581942
-0.506512761
0.178461462
0.156637102
0.113983661
0.197301954
-0.422579587
-0.00631648256
-0.270382464
-0.284339547
0.109969325
0.23250331
-0.424322128
-0.202547699
0.089412421
-0.364568651
0.159138635
-0.0426346734
-0.15611957
-0.160012051
0.0426937751
0.0471370146
0.0470382944
0.381471038
0.163572669
0.379568905
-0.338490665
0.142206132
-0.0251710825
0.143142313
0.222842574
-0.394080639
-0.00448427629
-0.551169038
0.0364342146
0.32521987
-0.194682822
-0.205032825
-0.493610173
0.160538748
-0.358379424
-0.126942754
-0.248151094
-0.197726712
-0.24841404
-0.229442805
0.355751574
-0.0665135086
0.142212346
-0.0491121896
-0.129592195
0.134853482
-0.0757875293
0.0106796427
0.245949954
0.0383535847
0.543037117
-0.236506075
-0.0187469125
0.270191759
-0.432290256
-0.351649225
-0.0608527213
0.0124404887
0.348476738
-0.13873294
0.0503707081
-0.194852054
0.1476008
-0.115436822
-0.097522676
-0.0863025486
0.34796232
-0.0744714439
-0.261848658
-0.00230439403
0.0927526057
-0.0203166101
-0.284887403
-0.157406196
0.497525871
4096
-2.05917215
-1.62871385
1.09154475
1.42920494
2.20012236
-1.43659258
-0.561375022
1.01663983
3.65750146
1.90631461
2.76661539
3.29173517
0.167928696
2.4072721
3.24443078
1.99864149
-0.755579352
-0.637753606
0.813013434
1.09489262
-1.32726777
0.898736835
0.786860585
1.58830619
1.79769778
0.974921703
0.820730209
4.24423456
2.00965858
5.9494648
3.00814795
-0.215888262
3.47737741
4.3365407
0.418061972
0.0732536316
-0.143203259
1.73442662
4.97017002
3.10099936
4.86167336
0.109261096
2.91314793
3.67978311
5.9772191
5.36058378
4.65457916
6.46724224
3.18115187
2.17234445
6.04025173
-0.120385647
2.4163847
0.369673669
3.83972406
-1.6381259
1.83310354
1.18372047
0.735245585
6.03268528
-0.588769197
1.41889715
3.95260525
7.70318317
6.91370821
6.99743223
0.15895915
-0.902805328
-1.64879799
-0.0241121054
0.098880887
4.00638294
-1.23478734
0.46257174
5.4349947
2.84202933
1.79044092
4.7523222
1.67192698
0.417683482
-0.837760508
2.02830291
1.18449593
-0.261588216
1.37231874
2.03123426
0.187063813
5.2379961
2.37536478
0.703015566
4.77681875
2.71170044
6.55193186
2.54437327
0.915070057
-0.414297998
5.00644398
3.39826703
5.29741144
3.22025561
-0.0340350866
1.18327332
0.324486613
2.98330045
2.81801844
1.25511885
2.79163694
1.02741575
6.06717777
1.60283649
3.73799753
-1.48738956
0.517033339
2.85206461
1.44672084
3.76329088
-2.40850806
-1.62292969
3.36831212
-0.659210443
2.81199121
0.873721838
1.27644682
0.267429948
-0.124011993
4.40922976
4.94381046
3.25743103
-1.50317478
3.17598295
3.2645328
3.42995381
5.67210293
4.36620426
2.64930534
2.97643542
3.1693182
-0.134718418
-1.6873951
0.36675483
1.70662773
0.497186184
-0.544032812
1.68802142
0.967639089
0.940878868
0.673832655
1.39877462
0.0868324041
1.38733625
4.3044219
-3.98362923
3.83386445
3.03041339
-1.72310686
1.16314459
3.55098271
1.77984369
-2.78205371
0.166093111
3.05985093
-1.33649087
5.53731728
1.66907811
-2.35858226
2.08480453
-0.17369765
-1.87555015
1.20761991
0.500167131
0.909966707
1.08792019
-0.599855781
0.114218235
1.99000037
0.480867028
3.01207519
2.82144213
-0.16840601
1.49184608
3.91358161
0.961573362
2.64000559
1.04841328
3.98561049
0.893747926
3.61819029
0.605179071
6.69190502
2.82275677
1.16298366
6.88531017
2.67329907
2.29960823
5.18246412
2.00424051
0.21486187
5.07113171
5.5995326
0.872644782
2.49290681
3.68553948
1.78781402
0.488330364
-1.31802654
-1.1444509
3.03339362
3.20292473
0.237649441
-0.809777617
-1.83319545
5.02966261
1.74710155
4.15844345
1.3362689
2.05873799
-1.21553898
0.324878484
3.10104537
2.2555449
3.45679331
6.05722618
2.31974268
0.808648825
1.76823604
0.993737817
2.25444984
-1.36435461
-1.28862095
-0.115847468
-0.553493679
4.25444698
3.52142167
0.201483488
5.21318626
1.72038651
-1.0563519
2.36707473
3.93014383
1.42426515
4.03700924
2.745924
-1.00438142
2.05126929
3.86135006
-0.321337461
2.57220936
-0.161179543
2.79261136
0.691715002
4.4319253
0.810343981
-0.741799712
6.64315128
3.5915494
1.58939004
1.61198688
1.78323209
1.6950438
6.45356274
4.59535789
4.2396059
3.0292263
0.0672233701
5.18309402
0.400290012
2.31158519
5.33822107
0.77503109
2.63474751
4.35804844
2.42542005
3.46710587
1.55435443
0.902290583
3.67099452
0.628346682
-2.44795203
5.3450613
-0.993970037
-0.274487972
4.36056852
1.50096357
3.82382631
0.764011502
-0.924630284
3.09622288
2.64571571
-2.83835626
4.38048935
-1.16394162
-0.932503939
-1.42039895
1.84828556
2.89421272
-0.235718489
-3.15191436
1.45774508
-0.169131398
2.79470229
4.00666523
0.603108883
1.55770159
1.5347122
-2.19328642
1.68189657
5.29668808
6.37003469
-0.506674528
-2.21544361
-0.557594657
0.118803501
0.840180397
4.9782176
1.21728837
-1.12829924
2.61934042
3.46194577
5.99132442
-1.73381746
7.40958881
2.08461905
1.49740601
0.696836233
2.96234703
-0.206542969
0.516085505
4.44471407
0.228274107
0.428519249
1.28512788
0.916282177
2.88113976
0.360380173
2.45893717
4.03388166
1.07053685
2.50831223
-0.639898777
-1.50948811
0.374283254
1.6694634
5.92824173
-2.15366983
-0.506641746
3.06549978
3.74133587
0.589990556
2.16350412
1.14987803
2.74134278
-0.883841515
0.302387476
-1.73782134
1.67168474
3.541327
5.01026344
4.27407551
2.80824709
0.386606455
6.56096077
2.99050999
1.04154563
0.296409726
2.49593568
2.64970064
3.43426561
3.08368874
1.90040708
0.252553821
4.30276251
-1.61991501
1.70415998
2.64575148
3.69179821
-0.814106226
-2.69197559
1.40498304
-1.18427002
5.8859129
-1.15833187
-2.80276418
3.53166962
1.08731389
3.8472712
2.31769609
2.94378376
1.96000695
0.166228116
0.245813131
0.97943145
2.75346875
0.84988296
4.56538343
3.29593754
2.5150497
1.06779122
5.64796877
-0.191889286
4.03812313
1.80248511
-0.84139353
-1.0282712
6.06450891
3.00992441
1.87495852
-0.738086224
-0.138840318
2.08233738
4.17552328
-1.40612948
5.60477352
-1.96145773
1.06662273
-0.584605694
5.27987576
-3.63248944
1.38793302
3.49384046
-0.633985043
3.64727116
-2.45723724
3.87701321
5.12704325
3.66776633
-0.126887321
3.8275795
3.88339591
3.39208865
1.35350335
0.209611416
0.59155637
3.03466272
3.31223774
-2.26916528
2.95932412
4.76071358
1.81821787
1.90254903
-0.143729568
0.456324041
-0.707842231
3.45648956
3.43055105
-0.23606348
3.79534793
3.19678545
2.53956628
-0.229137063
1.66858649
4.32993078
6.01792526
-0.638568878
-1.10771155
1.80858421
-0.0193765163
-0.896890044
2.14397526
0.157973051
1.5263679
1.44636297
1.66072845
-1.54239261
-0.0437219143
6.93145418
-2.52967954
3.05264473
4.0756712
1.01959109
2.25538325
1.41322958
3.67729902
0.827222586
2.6715672
-2.29542494
5.2535162
-0.827635169
-1.2509079
2.30699205
-1.11273074
2.58608961
4.53605747
3.06106997
7.14110279
4.89732742
2.0398972
0.936690152
3.1484921
-0.576832294
0.700522184
5.35054779
4.36947441
1.8628757
5.94057894
0.189068317
2.96738577
3.69154477
0.159375787
3.96785402
0.298560202
2.67276859
0.252880096
2.28734851
-0.163882494
-0.677110195
-2.12249351
1.21594512
0.892528057
0.428315639
1.08824909
-1.84504199
4.00153446
0.749808431
-1.34245825
2.27789187
-1.25813782
3.07626295
5.69971371
1.46442711
2.90588379
-0.0794397593
4.75514221
0.566084385
-0.345152617
3.50938416
4.2316041
1.31367326
5.46586323
1.49563658
-2.04206681
-0.58861804
1.68501639
3.34369087
1.72022367
3.79903293
2.81400394
1.42171884
3.98856187
7.62674904
-1.83681583
4.86279392
0.374860287
-0.944814861
1.87389481
4.59380579
2.16767406
0.332690716
4.49376965
0.744381487
3.66779304
2.42373896
3.68664646
4.47176504
4.14445496
3.39697886
-1.25146365
4.60073757
-0.963903427
4.17198944
7.75554752
3.92259836
0.651402235
1.99271178
2.79739285
-0.927242041
-0.610817909
4.37840509
1.01529682
1.52800226
0.0378262997
4.39386463
-2.27624846
0.157943726
3.24446344
4.91930532
4.3073535
1.06905961
4.5619688
2.36563969
3.00091529
2.99733949
4.03078842
-0.741677284
-0.0519342422
0.698923826
1.52533627
1.15743184
1.70619178
1.59580457
0.15824157
1.44999218
2.86519361
0.372810006
3.11503434
4.0866785
0.547766328
5.6906333
-0.203504473
6.06478548
2.19190454
3.86565971
2.43601179
3.04368353
1.81356382
-0.401432335
-0.536381841
-1.97303534
2.06514812
1.17630053
-2.41127157
1.42242932
2.68632221
2.01271486
4.13801765
-1.66945148
-2.37303066
0.753496528
4.74914932
1.75892138
4.99032831
1.19261599
-1.71371603
2.72524357
-0.304690599
0.87335813
2.28747892
5.82722187
3.26037669
1.13803554
1.45973539
3.33547473
-0.142362952
1.12431431
3.09880209
1.38070822
2.61098051
2.07688618
3.13373232
3.17507648
-0.169481248
-0.401504278
2.22146773
2.16349673
2.97426319
4.35066319
3.60019112
-1.34645152
-0.419104815
3.91273069
2.167624
4.93819523
0.934082031
0.0266160965
3.35957623
-0.598675609
3.98534656
2.13837957
0.931869864
2.27738404
1.95081353
1.59653282
0.0748567581
-2.55016327
-2.12452626
2.42137456
3.04637241
-0.311180115
3.13755727
0.581039608
2.70833874
0.993757367
0.464995801
-0.0613274574
0.484572411
5.37949944
2.44323778
3.10657454
1.54345119
0.707728982
-1.29328537
4.19137335
-1.06350124
-0.99423945
0.379428148
4.8572793
3.67338943
0.763759851
1.36584592
-0.878069043
2.27259207
0.728483796
0.182025552
2.13352823
-0.440959096
-0.955943108
4.20787811
1.5992651
4.85370016
3.22614074
-1.59542513
-0.703370392
-0.795656025
2.37419176
4.48435116
1.13988853
3.05117369
1.74108887
-1.17786026
1.73667002
3.42485809
4.81394386
1.2418133
0.0582959652
-0.690212965
-0.299752951
4.85492611
1.07454848
0.157452583
4.72702265
2.86789799
0.520792723
0.367097378
0.254935265
1.35447192
-0.352101803
-0.616565228
2.7991271
2.26621389
0.325278997
5.2593174
3.95658183
-1.29100108
1.44732094
0.235464334
2.74512982
-2.59868431
2.83845234
0.476212978
0.434053183
0.192370892
-0.577155828
5.02535582
3.23301673
-1.22639942
2.30487061
-0.696756423
4.06042385
0.168780088
2.17028522
1.94771373
4.9653182
4.51807404
1.00377882
1.92572331
0.269034922
1.47951937
-0.519446969
1.87437534
5.39889812
1.34194493
1.48139334
1.93320251
3.2516036
2.47777033
3.25666022
4.11268282
6.13965702
3.17597771
-0.343723297
1.60943151
3.92594504
1.57877326
3.63094878
4.80172157
3.39667296
0.168275297
1.47738886
6.04977846
2.53253269
1.12504578
1.60798645
4.79878569
4.18906403
-1.86954951
-1.55465269
3.92430091
2.00355959
3.85778046
0.919757962
2.2328577
3.95486546
-0.0689686388
1.9015131
0.0751157999
-0.174567223
2.95599651
2.99680924
1.91409659
-2.33596945
1.55309725
0.93686235
4.08992147
1.57850313
0.0414760113
-1.6467979
1.28153753
3.4406693
1.66639948
1.77222443
0.0625935793
1.79558992
-2.18464804
2.36783624
1.68902421
5.90528727
3.67231894
-2.27159405
1.57971239
-1.86134696
1.46049023
1.95429564
1.13744926
-2.58641863
-0.507478595
1.36979735
1.09550357
-1.84127057
1.49088883
2.08333874
2.85652399
2.64612198
5.26312447
1.3016305
3.25077915
3.31580257
-0.255190432
1.93077874
2.87069678
2.84023666
5.57392597
3.85993528
0.118290722
2.96613526
4.4560442
-2.12520599
2.83853197
2.73422909
2.43758726
5.57836008
0.302840471
1.35133076
-2.50339508e-06
1.73480272
2.56768703
1.50044417
-0.262550116
2.24612904
3.52216363
-1.24611998
4.88503885
1.53812408
1.47906351
3.32864404
-0.981743991
0.304065287
0.41677171
3.40565538
3.01602864
1.82052898
-0.126688242
3.00224352
-0.564921737
4.15348721
2.37755394
3.08479786
2.77754116
4.65995216
1.93961549
2.59714079
4.79795551
-1.16244078
-3.18788028
4.9913168
1.31257141
-0.837148666
4.54801655
1.56337643
2.01209307
-0.144037724
2.35023189
2.26274323
2.64783096
-0.759334207
4.81522083
4.74360561
4.38429832
-0.257353067
5.25166941
1.8376689
0.451426029
3.92490435
-1.11650574
3.09836793
2.58987308
-1.15912664
5.53448677
2.33844757
3.55293083
4.50545311
-3.15294766
0.452832222
1.1046443
4.03055573
1.28128815
4.13996744
2.53804135
2.705935
-3.29919147
-2.09694672
2.14720273
3.58325577
3.84561396
0.724922895
1.10867095
1.69050646
5.91683865
0.086088419
0.139727116
3.02594209
-0.607172012
-0.708851099
-1.63492692
0.176842391
6.08790112
2.85874891
-0.614740491
2.34472632
-1.60109293
0.673513651
3.78450632
-0.0381907225
-0.573033214
4.32381058
-1.09224319
1.06737399
3.53802204
-0.80217886
1.6219306
3.96916676
3.27363992
2.09069347
0.951711416
-0.197337106
2.36956453
1.07333326
0.426768064
-0.534694016
1.72315884
1.51708829
0.189833522
-0.0136461258
1.92054045
1.87330067
2.08592916
-2.84228206
3.78895521
1.11556339
-0.18768549
-0.925522327
2.91265392
5.21247768
1.92065656
3.92917109
-0.727626264
4.31933975
0.34252131
0.511652172
2.72857475
2.33464456
0.625338554
0.0368754864
2.75316358
1.20019948
1.60328627
1.60338044
5.11580658
2.11951423
3.22009921
4.50869942
-0.195682287
1.44863343
3.6586566
0.167094827
-2.99343586
3.29635882
-1.06323767
4.88066006
-3.144063
2.42702031
5.44656754
2.47899699
1.47124457
1.90272737
0.601603627
2.28230166
1.02175069
2.77454734
2.0332365
2.41033006
0.346240044
4.67178822
1.01372993
2.96109915
3.41433597
4.43897152
0.701837659
1.02287245
3.63807583
4.59284353
4.2917223
-0.601803303
5.25932837
5.06951046
2.63774657
-8.35247135
-8.87909031
-8.54441166
-8.27837563
-7.48902988
-7.53645992
-8.5871582
-9.26034355
-9.36721134
-9.86652279
-8.55779839
-9.03383636
-8.02458763
-9.21701717
-8.42102718
-8.17869091
-8.64904213
-7.7765789
-7.9965663
-8.91014481
-8.50370598
-8.10712433
-8.50729942
-8.12194252
-8.52254295
-8.84263992
-7.47660732
-7.79685402
-7.91369295
-8.57975292
-7.42390156
-8.43734837
-7.68335199
-8.07903862
-8.26593113
-8.27468014
-8.30882454
-7.98958254
-8.74888897
-8.33115196
-8.74437523
-8.35596848
-8.93141556
-8.65003872
-8.6843586
-9.25475597
-9.12908745
-8.19544792
-8.02839565
-7.55972242
-8.83806896
-9.27557278
-8.48853111
-7.75890923
-8.85980129
-8.84544468
-9.26976204
-8.88051796
-8.63586617
-7.3802228
-8.66472435
-8.39400864
-8.85058212
-8.3742981
-7.09154224
-8.00271225
-8.99031734
-7.96630955
-7.77958298
-9.06891918
-8.55408192
-8.13607979
-7.61407375
-8.63946438
-8.01165199
-7.92727089
-8.17037201
-8.11024761
-8.7384367
-7.48741245
-8.46917915
-8.10667515
-7.75379038
-7.96048975
-9.24023056
-8.82576656
-8.24268818
-8.2814436
-8.61959743
-8.32475758
-8.92991447
-7.84983015
-9.31969452
-8.26149845
-8.53065872
-7.94951487
-8.51736927
-8.60327625
-7.08834171
-8.27257538
-7.4417882
-7.90039253
-7.66086721
-8.12483406
-8.96836281
-8.45858192
-8.69955158
-7.60480022
-8.64220047
-8.36376572
-9.40770531
-7.73880005
-8.47989273
-7.12188816
-8.83076096
-7.44459915
-8.09851933
-9.18873978
-8.54876423
-7.6900444
-8.97929001
-8.21836281
-8.89878273
-7.6264534
-8.99199295
-7.82011795
-8.95308304
-8.77529335
-7.63637877
-7.89145803
-9.02505779
-8.28772926
-7.32245588
-8.78503323
-8.23651886
-8.29441452
-8.22951508
-8.00541592
-8.69780731
-8.80535889
-8.09007549
-9.51982975
-8.57267666
-8.7403717
-7.61173391
-7.45842934
-8.42321587
-8.90876198
-7.8975749
-8.47391605
-8.56573868
-8.18236351
-8.23265839
-7.90861034
-8.35687637
-7.74646568
-8.44401169
-8.61076355
-9.87628746
-8.972188
-8.45084286
-7.87612247
-7.68344307
-9.39198208
-8.37541103
-7.60738611
-9.16608238
-7.9846735
-8.18940926
-8.34823704
-9.20818615
-8.31929493
-9.29463673
-7.97072554
-8.31040287
-8.60538578
-8.44183636
-8.96463203
-8.97052383
-8.15490818
-8.62781811
-7.77031279
-8.67233753
-8.76985455
-7.37885809
-7.63392401
-8.2226696
-8.78561115
-7.97793961
-8.88838863
-8.19908237
-8.14048004
-8.26100922
-8.81471825
-8.59698868
-8.05864429
-8.43210125
-8.87043571
-8.32429886
-8.5255909
-8.9823904
-8.54142189
-7.33596563
-7.90982866
-7.86224604
-7.86873198
-8.41341114
-8.93030167
-7.74842167
-7.8535347
-8.56529427
-8.60383987
-7.72382927
-9.11581802
-7.98253965
-7.88510323
-7.64818096
-8.1379509
-8.15747643
-7.88274527
-8.63952923
-8.76265907
-9.06375599
-8.33080387
-7.62142944
-7.95930099
-8.58715343
-8.18770885
-8.43102074
-7.70752287
-8.05930233
-8.46098518
-9.61488247
-7.66900778
-8.36407566
-8.94995975
-8.86045551
-8.05960274
-8.08345222
-8.46036625
-8.23465824
-8.85746098
-8.48764801
-8.73365688
-8.68251896
-8.030509
-8.19190407
-8.65853977
-8.07817173
-9.31436539
-8.59335709
-7.66087389
-8.15630722
-7.56031466
-8.2780695
-8.57402325
-8.42925549
-8.50905704
-8.26848793
-8.00321293
-9.06112862
-8.92444515
-7.81806374
-8.26357269
-8.88523006
-9.27066898
-8.44762802
-7.43497276
-8.33912277
-8.49235344
-8.66107178
-7.53482151
-8.17979813
-8.84207916
-7.37979794
-8.67137051
-8.61500931
-9.07662392
-9.11661243
-8.38817406
-8.33909607
-8.45637608
-7.78918123
-8.685009
-8.01863194
-8.36579323
-8.31346989
-8.34819221
-8.22426891
-7.19747734
-8.39648819
-9.07339287
-8.93819523
-8.02468014
-8.39301586
-7.22687244
-8.99884033
-8.04219913
-9.10610485
-8.75392914
-8.51376152
-7.59973717
-8.42850113
-8.28967476
-8.42108917
-8.86017895
-8.26743984
-8.4543581
-8.46597385
-8.03587914
-8.98896217
-8.73836517
-9.04560947
-8.08486748
-8.60061741
-8.82469082
-9.31061459
-8.92159081
-9.08400631
-8.16974449
-7.15172863
-7.51691437
-8.10724735
-8.50908184
-9.34204674
-8.84418583
-9.52382755
-9.42793274
-8.57629395
-8.13113403
-7.58961821
-8.20689392
-8.92118359
-9.07910252
-8.15832138
-7.84760141
-8.39001083
-8.69849682
-8.18579102
-8.14352036
-7.95934629
-8.57149124
-8.43338585
-8.93395233
-9.07349873
-7.77136087
-7.89918041
-8.1229229
-9.66264343
-8.69870663
-8.10609245
-8.40238094
-9.04443359
-8.05526066
-8.3050127
-8.97405148
-8.12204647
-7.76955223
-8.98643017
-7.73626328
-8.24777794
-9.05958366
-7.61975145
-8.3296032
-8.09686661
-7.44209194
-8.43102455
-7.94283152
-7.51122522
-9.4282217
-8.02777004
-8.8201437
-8.71139431
-8.12123299
-8.35266495
-7.56190491
-8.06573677
-8.05350876
-8.10919952
-9.33454323
-8.82034016
-8.56105328
-7.4792037
-7.81227255
-9.61761951
-8.58840561
-7.40564632
-9.47485924
-8.83132935
-7.79937506
-8.08024883
-8.41026402
-8.2142849
-8.51640606
-8.08212471
-8.85906124
-8.27305412
-8.45133591
-8.44057465
-8.06684113
-8.38736248
-8.48695278
-9.82116795
-7.59502745
-8.23077774
-8.77192402
-8.98698521
-8.60803509
-8.79999352
-8.64052773
-7.59092045
-8.45437717
-8.07506561
-8.44148254
-8.09836197
-7.93095207
-8.27664852
-8.6260519
-8.858325
-6.68576717
-8.3902998
-8.00560379
-8.73295879
-9.16347122
-9.06717873
-8.09827805
-8.39191628
-9.03912544
-8.21494102
-7.85758591
-8.51824284
-8.9684906
-8.5467186
-9.54994774
-8.03473377
-8.73081017
-8.32358932
-7.79619265
-7.68733072
-8.43450165
-8.99005985
-7.78912354
-7.84045649
-9.17705536
-8.88466644
-8.49666691
-8.38795757
-7.58902788
-7.80906773
-9.10908985
-8.92684841
-8.75207996
-8.12270737
-8.16318703
-8.77924538
-8.17358971
-7.47657013
-8.19346237
-8.59485245
-8.32407761
-8.84491539
-8.76183319
-9.36855984
-9.23620415
-8.09018898
-8.86764812
-8.57194042
-8.14318848
-8.50314713
-9.00810051
-8.3682785
-8.39368534
-8.89857292
-7.86126852
-8.4450264
-9.05831814
-7.82123423
-9.21161842
-8.50855541
-8.96803761
-9.31703472
-8.36688423
-8.34129715
-8.62210274
-8.06891251
-8.97851276
-9.06392193
-8.12152672
-8.87549496
-8.33574104
-8.93565273
-8.05424881
-8.33405304
-8.65697575
-8.60140896
-8.22067356
-8.35928535
-8.8576355
-8.16397381
-8.0983572
-7.95315886
-7.01159859
-8.45708275
-8.4088707
-8.18285847
-8.39590931
-8.3361187
-7.73725843
-7.6782074
-7.61929417
-7.80996799
-8.34940434
-8.77217102
-8.21735096
-8.60358429
-9.01148319
-8.86665249
-8.85586739
-7.68221951
-8.03590584
-8.80920219
-8.58415985
-9.04680538
-7.91803312
-9.0801754
-7.75565672
-7.34506607
-8.11066818
-8.81051445
-8.70200062
-9.92622662
-8.1949501
-8.96483994
-8.38960171
-6.88168859
-8.0657711
-8.70765018
-8.49239445
-8.43035698
-8.43440056
-8.71511745
-8.20215797
-8.46786022
-8.28110123
-8.23434448
-9.05918789
-7.9364419
-7.85978651
-8.74084759
-8.56339359
-8.77217484
-7.74098206
-8.7125845
-8.33881283
-8.10244846
-7.67714977
-7.21698856
-8.22128201
-8.4424696
-8.14912033
-8.10501671
-8.88481808
-8.34283924
-8.6587429
-8.19068909
-8.37064552
-8.00391102
-8.19434357
-9.15161896
-7.98627996
-8.3534317
-7.74564791
-7.83237839
-7.67058182
-7.35315084
-8.38090611
-7.46788502
-8.63110161
-8.51554585
-8.64659595
-8.56690979
-7.9948802
-8.02329731
-8.04706383
-8.03435135
-9.01141453
-9.08425045
-7.78117466
-8.01066589
-9.1866703
-8.5173521
-7.29964066
-8.6625452
-8.04268742
-8.08532524
-8.60266304
-7.90316916
-10.2554617
-7.93538618
-8.9617815
-8.42181683
-8.46047783
-7.58059549
-8.37566185
-8.11641693
-8.63284111
-8.78224754
-8.61403465
-8.04150963
-8.86355782
-7.89483547
-7.73771095
-9.82456779
-7.59377813
-8.00722122
-8.90753651
-8.29439545
-7.95029736
-9.3378067
-9.16239166
-8.75902748
-7.30045223
-8.75077629
-8.99179745
-9.80242538
-8.66286087
-8.92476654
-8.86440468
-7.92214251
-9.06102657
-8.83930588
-7.78658295
-8.54324913
-8.42987442
-7.92034245
-7.62577486
-8.6388588
-8.94443607
-7.56067848
-9.01468372
-8.47377872
-8.41678333
-9.47118759
-8.63348579
-8.00741577
-7.56519032
-7.41594076
-8.86074352
-7.78562355
-8.39482784
-8.35204506
-8.31597233
-8.46583271
-10.0537834
-7.84529114
-9.09762669
-7.75910902
-8.20813751
-8.34694958
-7.33696032
-8.46169662
-8.33913136
-8.12396336
-8.8619051
-9.14289188
-8.38767052
-8.29885387
-8.81352425
-8.43076229
-7.82603264
-9.19804764
-8.30897236
-8.13950634
-8.93441391
-7.88347435
-7.57885981
-9.02139282
-8.47207165
-8.95982742
-7.80379343
-8.80345631
-8.47992611
-9.24015331
-8.43491077
-8.93479061
-8.41436195
-9.019207
-8.2702961
-6.92382908
-8.26694679
-8.34517956
-8.85813427
-7.57939053
-8.50992203
-7.27009773
-8.3124485
-9.53494835
-8.64640141
-9.45719147
-8.49889565
-9.056283
-7.68456221
-8.53037739
-8.92241478
-9.00848484
-8.71900558
-8.19813156
-8.23057556
-8.00738811
-9.47047806
-8.7827816
-8.30494785
-8.81291866
-9.18794441
-8.03212547
-9.79569244
-9.23834991
-8.74497795
-9.00997829
-8.07667828
-9.04843044
-9.44228745
-7.98378849
-8.49921322
-8.45961285
-8.78573418
-8.8112278
-7.73380661
-8.57084274
-8.55776882
-8.53495789
-7.84492922
-8.23053837
-7.97567892
-7.85337114
-8.97831821
-7.93787861
-6.68003607
-7.97195911
-9.01084805
-8.88864517
-8.30617905
-9.14295006
-9.26437855
-7.92976427
-8.74839973
-8.57275963
-8.36425209
-8.34390831
-7.74056292
-8.76066875
-7.9180584
-8.0460844
-8.36545277
-7.81645203
-8.33553314
-7.98764181
-8.02344799
-8.9113512
-9.30466843
-9.4803772
-8.49760342
-8.65151596
-8.04827404
-8.19011116
-7.64218235
-8.6003952
-9.30703068
-8.55265236
-8.14927292
-8.5310812
-7.54905128
-7.59896421
-7.86637974
-7.84309483
-7.07205343
-7.96823168
-8.17588425
-8.34107208
-8.65749454
-9.53089333
-8.95159912
-8.29014492
-8.87756729
-7.42539978
-8.39748192
-8.97091389
-9.30183697
-7.79929876
-8.39210415
-8.77245235
-8.08524895
-8.90883446
-9.19618225
-9.13999176
-8.26546192
-8.90972328
-8.77420425
-8.37687683
-7.7490921
-8.26378059
-8.63400555
-9.5748167
-8.83448792
-9.20470715
-8.51168442
-6.79260635
-8.46613216
-8.78024387
-8.93867779
-8.42444229
-7.84089136
-9.333992
-7.83728075
-8.96247196
-8.95153236
-8.66589832
-7.24306488
-9.16971016
-9.15184593
-8.42175961
-8.86020088
-9.52757454
-8.46920395
-9.45895386
-8.64420414
-8.10804462
-8.59071445
-8.77964592
-7.37376595
-8.83105755
-7.92780876
-8.79008389
-7.94831181
-8.29306221
-8.17388058
-8.59837914
-7.02911472
-8.30318451
-8.23468685
-9.52708721
-8.2977705
-8.67940331
-7.13366508
-8.57799339
-9.09435272
-7.79505062
-8.57067108
-8.26246834
-8.83301353
-8.05421638
-8.478055
-9.54704952
-8.19309235
-8.53808403
-8.85869884
-8.35873127
-8.67689133
-7.73142433
-8.38850498
-8.41875076
-8.26813889
-8.05380154
-9.25029182
-8.81152058
-7.83145046
-9.06864834
-8.72515678
-8.69925499
-9.00549126
-8.02966404
-9.27549744
-9.48857975
-8.42728996
-7.86298561
-8.29673004
-9.20656681
-9.15825462
-8.22802353
-8.97666931
-7.69743443
-8.58629227
-7.63716125
-8.96418953
-8.79703331
-10.1965542
-8.90220928
-7.18970537
-7.33381176
-8.64218521
-8.39215469
-8.02814388
-9.37746239
-8.16335583
-9.05624199
-9.18064976
-7.96682119
-8.68658638
-9.63392258
-7.90800285
-8.23875999
-7.99040604
-8.77067947
-8.97390747
-8.27746201
-8.00459194
-8.91425419
-8.15999794
-8.47814369
-8.36197281
-8.29433823
-8.6765852
-9.74755573
-7.13660908
-7.68088436
-7.15706825
-9.24120331
-7.54104328
-8.37634659
-8.11930275
-8.77257633
-8.5956831
-8.35396671
-8.50246716
-8.17417908
-7.89426517
-8.80285168
-7.78209305
-8.86935329
-9.56412697
-7.24093151
-7.98497295
-7.76037264
-9.16912842
-8.41601849
-8.71803856
-7.99764347
-7.88499832
-8.63554478
-8.72941875
-7.74870157
-9.3398428
-8.45329952
-8.81575012
-8.49061298
-9.07931423
-8.37356949
-8.51952457
-7.72289562
-7.91061401
-8.23911858
-7.83240795
-8.49860287
-8.19125175
-8.25138092
-7.86537552
-8.97875881
-7.92598915
-8.77511692
-7.98528481
-8.97290611
-7.94248629
-7.93657398
-9.09513569
-8.85612869
-8.32261658
-9.26105976
-8.97085762
-7.76896858
-8.68781567
-8.14069653
-8.41088867
-8.99518871
-8.24255371
-8.88306808
-7.73114729
-8.45086765
-8.60346699
-8.42710304
-8.5777483
-7.94006681
-8.89964485
-8.78399372
-8.68340492
-8.77719498
-9.23876762
-8.74043083
-8.40737438
-8.98205376
-8.97875309
-8.94279957
-8.26038456
-7.74050331
-8.49343681
-9.38278389
-7.8406949
-8.76525593
-8.02072144
-8.45027065
-8.44629288
-8.34676933
-8.56244183
-7.89349937
-8.00264168
-9.04482651
-9.70166969
-7.65663719
-8.3831892
-8.44841862
-7.9256072
-8.80275249
-10.0373096
-8.88066864
-9.13181019
-8.99603748
-8.28924847
-8.79497719
-8.61512566
-9.67298412
-8.78053665
-7.48628569
-8.98573303
-8.48425198
-7.1253252
-8.45098019
-8.67625141
-8.92803669
-8.45198917
-8.81382751
-9.234622
-8.58884048
-7.43772602
-7.90445137
-7.4590292
-8.19326115
-8.06164169
-8.68522072
-8.21228313
-8.94856358
-8.73354912
-8.64286041
-8.75970745
-7.77884912
-7.51576424
-8.57876015
-8.26816654
-9.33386612
-8.91590977
-8.27444172
-8.99974155
-8.45886803
-7.38743114
-8.81241798
-8.33057976
-8.66220856
-8.42967319
-7.47200251
-9.42323303
-8.76032639
-8.72188854
-8.56645775
-7.95580006
-7.82542849
-8.08803463
-8.1873703
-7.94517565
-8.38142204
-9.29471779
-8.6654377
-8.16398048
-8.81856918
-8.63931942
-8.64896965
-8.545784
-8.0030756
-9.18037033
-8.77561188
-9.48249722
-8.46118736
-7.11177826
-7.27097321
-8.78955269
-8.70338058
-8.70722675
-8.57238674
-8.02639389
-8.8194313
-8.74130249
-9.12842941
-8.45406342
-8.55825806
-8.42088699
-8.1044178
-8.86599445
-8.12605953
-8.31607056
-8.75597095
-8.31558132
-8.57546425
-9.38235283
-8.40025616
-8.59273434
-8.02783012
-9.54724884
-8.87213898
-8.28599453
-7.04116821
-8.50836086
-8.59315491
-8.37076283
-9.21501446
-8.90725803
-7.35050058
-8.12761307
-8.53405952
-7.76063824
-8.12613964
-8.01364136
-8.96402359
-7.99377728
-8.9333477
-8.43523979
-9.16638565
-7.82476997
-7.94888783
-8.31655788
-8.66786766
-8.53480911
-8.30642128
-9.02083969
-7.70648289
-8.5267849
-8.50348377
-7.92853451
-7.82571793
-7.86373854
-8.13615036
-8.54583263
-8.9026022
-8.49121666
-8.00682354
-7.90217638
-8.42116737
-8.08608818
-7.98580647
-9.02224255
-8.66731548
-8.94875717
-8.6944952
-7.75040007
-8.44935131
-8.76560593
-8.52926636
-7.57837009
-7.62880802
-9.07512283
-8.06011105
-8.75600719
-7.80266857
-9.26937294
-7.68346977
-7.88673258
-8.71580124
-8.31315041
-8.24392891
-8.36515808
-7.33839989
-8.8973608
-8.16902065
-8.93479252
-7.87828255
-8.57801533
-8.55515194
-8.51756001
-8.73399162
-7.39855337
-8.71271229
-7.98385906
-7.90743256
-8.91415501
-8.37063694
-8.16605949
-7.99425507
-8.76044559
-8.62287903
-8.29599571
-9.01565838
-8.01603794
-7.8654213
-8.26413441
-7.86683702
-7.94642448
-9.68166161
-8.04705429
-8.70319366
-9.09502697
-9.34973907
-7.68273115
-9.13200951
-8.47249985
-8.3068037
-8.80910301
-7.0760622
-7.99262524
-8.6254015
-9.03642654
-8.35461712
-8.68670845
-8.95355892
-7.9991045
-7.90291595
-8.88496876
-8.45708847
-8.46715927
-8.88368702
-8.43886185
-8.98838711
-8.69259548
-8.26172161
-8.77997017
-7.70935726
-8.98881435
-7.76106882
-8.259408
-8.36685658
-8.36278057
-9.20571232
-9.17669392
-9.29666233
-7.92997169
-8.54915619
-8.69491768
-8.33442211
-8.67375565
-8.24630547
-9.1391449
-8.22582817
-9.26594639
-9.54060364
-8.49069786
-8.63612652
-8.89268589
-8.80664253
-8.08747673
-8.95745945
-8.21974945
-8.2107048
-8.86284065
-8.3805275
-8.81228828
-8.37069798
-8.39578438
-8.42902851
-8.39208984
-9.23693848
-7.60101414
-8.28968048
-8.89765739
-7.84616184
-8.97900009
-8.31009483
-7.60821629
-9.06861687
-8.50284863
-8.55362988
-8.5022974
-8.91204643
-7.91481686
-8.81400108
-8.85334587
-7.90163898
-7.50375271
-8.32351208
-6.99099731
-7.2913599
-10.167902
-8.67584038
-8.60113716
-8.88411903
-8.84090137
-9.12074471
-8.02319431
-8.40083885
-8.56405163
-8.26266861
-8.67507458
-8.45039845
-8.80455017
-8.43759632
-7.90031672
-8.44887733
-8.6972084
-9.23137093
-8.64655399
-8.51970577
-8.65629864
-8.76148605
-8.72804165
-8.34087276
-8.9853754
-8.96686554
-9.72510147
-8.8794117
-9.06670475
-8.42517567
-8.18521976
-9.36257839
-9.20820808
-8.96574593
-7.50060129
-7.80617189
-8.69698524
-8.37977791
-8.20496178
-8.96824265
-8.80030823
-7.36468315
-8.28698826
-6.08610535
-7.57114983
-9.74513149
-8.87097168
-9.4756279
-8.47326946
-8.77113628
-9.05401611
-8.81451035
-8.18972397
-8.43405247
-9.39795399
-8.67336178
-8.47403145
-8.09399891
-9.00397015
-7.50956726
-8.44182968
-7.72964716
-8.50780392
-9.28134441
-8.0215683
-8.99652958
-7.8307457
-8.461339
-7.96321106
-8.44693756
-8.44378376
-8.96425152
-8.78815556
-8.7733984
-8.29992485
-8.69213581
-7.57956314
-8.13555813
-8.5350275
-8.24240494
-8.23515034
-8.15898037
-8.91135502
-9.07348061
-8.51875114
-9.1957283
-8.39507866
-8.61453915
-8.69188118
-7.80975914
-8.8552599
-8.72003269
-8.56777573
-8.423563
-7.6175561
-7.89647007
-8.62484741
-9.11153984
-8.64840889
-8.83771038
-8.60233879
-7.99606371
-8.07399368
-7.87600803
-8.34323883
-9.09811878
-7.83729887
-8.19005203
-7.95103455
-8.42384434
-9.26150036
-8.08231926
-9.78493786
-7.45891666
-6.98434925
-8.88644028
-8.59827805
-8.47988129
-9.3875761
-7.68756819
-8.49612999
-9.02618122
-8.60445499
-8.03063965
-6.99199247
-8.4230957
-9.27071857
-9.22130108
-8.65133476
-8.37405777
-8.23136806
-8.60777187
-7.59183311
-7.77342129
-8.72352028
-8.8451767
-8.66718864
-8.52991295
-9.69833565
-8.50014496
-8.05164242
-9.64060974
-8.46386337
-8.24980545
-8.2569294
-8.81797695
-8.06260586
-8.63839912
-9.15302658
-8.37008286
-8.63382626
-8.39620304
-8.83891392
-8.71893501
-8.43021584
-8.55177593
-9.75091839
-7.98932266
-6.88242006
-9.01605034
-8.18155766
-8.09195995
-8.67364597
-7.97511482
-8.04555035
-8.65353775
-7.62487793
-8.01588821
-7.60838985
-8.53881741
-8.48575974
-8.42521
-9.3820734
-8.94156647
-8.36258602
-8.08590412
-7.88026714
-8.58328342
-8.55878544
-8.2909174
-8.21046257
-9.00854683
-7.40649748
-7.84469748
-8.92593479
-7.66463614
-8.14953423
-8.99938488
-8.27364445
-7.52968073
-8.98879719
-8.16086388
-9.01748085
-7.83745098
-9.88318062
-8.11897945
-8.77806568
-7.51618195
-7.79971552
-9.89588737
-6.5593338
-8.103302
-7.99140072
-7.93759298
-8.94503403
-8.80738354
-8.45253563
-8.68671703
-7.03347588
-8.03419971
-7.72059155
-7.62262249
-7.97979069
-9.07339001
-8.35340405
-8.57874489
-8.54132843
-8.5084343
-7.84596491
-9.11657906
-8.86882591
-8.76369953
-7.97791004
-8.10134506
-8.4809761
-8.29864788
-8.72213078
-8.45656872
-8.54302025
-7.28190756
-8.64774132
-7.76581144
-8.28304577
-7.99263954
-8.66347027
-8.08474445
-8.40252686
-8.70246601
-8.0172472
-8.88036537
-7.79003286
-8.64051247
-8.61594582
-8.58464813
-8.88110638
-9.34154892
-7.69418573
-8.17194557
-8.72040939
-8.06506729
-9.69559002
-8.85389328
-8.6366663
-8.24910545
-9.00435448
-7.83256149
-8.86340904
-8.16684914
-7.85082054
-8.25055027
-9.26610756
-8.53286743
-8.81023788
-8.19200706
-8.27964592
-7.88214302
-8.56163788
-8.77528858
-8.57512951
-8.70553684
-7.56563616
-8.77815151
-9.09160614
-9.17595291
-7.33972359
-7.77756214
-8.48002529
-8.11888409
-7.07203531
-7.98993254
-8.51818848
-8.11031246
-8.6250782
-7.61688328
-8.78629208
-8.93721485
-7.49156523
-8.38036346
-8.26712036
-7.91927099
-7.65607977
-7.95622206
-8.90590096
-8.97487736
-8.68885994
-8.51502609
-7.60323763
-8.39021587
-8.76075172
-7.50002575
-8.12716389
-9.00866699
-8.4330349
-7.34478617
-7.95959044
-8.91923714
-8.53229904
-8.70033932
-8.69172287
-9.9860878
-7.06305027
-8.60663605
-7.53639984
-7.06621742
-8.6187582
-7.73475695
-8.26275063
-7.46382332
-8.14820576
-7.65687132
-9.21382999
-9.34566402
-8.79377937
-8.60089302
-9.12237549
-8.87559509
-7.82542419
-9.06087399
-9.00449944
-8.47585964
-8.62783527
-8.29712868
-8.84315014
-8.32646084
-9.15606499
-8.58038616
-8.57806587
-8.30548382
-8.86307335
-9.13742638
-7.2048583
-8.80079556
-8.19671917
-8.62613869
-8.13563824
-8.60817909
-8.52662849
-8.6680212
-8.60705376
-8.59714127
-8.37745094
-8.53495216
-8.3996172
-8.94260406
-9.03800869
-8.33445835
-8.62762737
-8.41105843
-8.8128767
-8.00429344
-8.6699791
-7.93185234
-9.13412857
-8.80344868
-8.22110176
-8.89642715
-7.63739824
-8.52611542
-7.9690237
-7.8416357
-8.64693832
-8.4692421
-7.81020784
-8.87782669
-8.98842621
-9.11007404
-8.5240469
-8.00183487
-8.15476608
-8.33330059
-8.3803339
-8.83009338
-8.19310379
-8.16425514
-9.12157249
-9.16488552
-8.02298164
-8.67334747
-9.19619465
-7.85294247
-8.23424721
-7.79389906
-8.7394762
-8.73770332
-8.65616798
-8.31501102
-9.06726837
-8.77930164
-7.38658857
-8.54443169
-8.45356274
-8.87254047
-9.00857067
-8.89240837
-8.40988827
-10.0048485
-8.37212467
-8.4621439
-8.08460522
-7.21333599
-8.26065445
-8.27546024
-8.8963232
-8.05234241
-8.25150394
-9.25984955
-7.02336645
-9.32318211
-8.26065826
-8.14181328
-8.2597332
-8.64980316
-7.53358316
-8.3233757
-8.19581318
-8.58514118
-7.95157146
-8.16902161
-8.03304482
-8.61109734
-8.58373356
-7.93015862
-7.88322163
-9.05095577
-8.56782436
-7.81616497
-7.49730682
-8.65759277
-9.64356136
-9.45808506
-8.97705364
-9.19005013
-8.55485821
-7.71660566
-8.42949581
-8.77442932
-9.16597462
-8.07404137
-8.83802128
-7.37520075
-8.1760788
-7.64821815
-8.40677547
-7.97388744
-8.65588093
-7.53016567
-8.16786003
-8.3820591
-7.62623882
-8.92463684
-8.46892738
-7.802876
-8.72972202
-7.69226742
-7.75759888
-9.11451912
-7.74467564
-9.6621151
-9.2101202
-9.63285828
-8.23519802
-8.99747181
-7.98679066
-7.55900431
-7.75467348
-8.12799168
-7.78931618
-9.06536198
-8.96430492
-9.12467575
-8.41898155
-7.59979296
-7.94714165
-8.49696636
-8.53954411
-8.56559944
-8.80982304
-8.31842613
-7.98902464
-7.40816021
-8.17542458
-8.13358307
-9.76848793
-8.15460777
-7.75357962
-7.8424654
-9.57569122
-8.32668591
-8.44201088
-9.42483139
-7.39586592
-8.45755005
-7.77254343
-8.11152744
-7.8351264
-8.62475586
-7.61551094
-8.65049076
-8.81014729
-8.01783657
-7.68017149
-9.03781128
-8.34253597
-9.45480061
-9.66393089
-8.44468307
-9.17621708
-9.15421581
-8.41550636
-9.57621098
-8.96902847
-8.1065731
-7.92492867
-8.72996521
-8.08718681
-7.46294737
-7.36744356
-8.63523102
-7.61796093
-8.20496941
-8.76114941
-8.15164185
-7.5866704
-7.80576897
-7.95541096
-7.99549484
-7.60848475
-9.2610178
-7.76405716
-9.00724506
-9.39810848
-8.83948326
-8.63324165
-9.03842735
-8.84019566
-7.91254044
-8.88153458
-7.91226196
-8.05643272
-8.07230949
-7.99401999
-8.07075787
-7.74706984
-8.06916809
-8.57600117
-9.16993332
-7.15985632
-8.38464069
-9.46267223
-7.95274162
-7.24443436
-8.43284798
-8.44119644
-8.21558952
-8.7913866
-8.06804848
-8.27103806
-8.44993019
-8.4261837
-8.22100639
-8.39174366
-8.09610558
-8.86277294
-8.40767479
-8.03552055
-8.94473934
-8.79994583
-8.96968174
-8.85693359
-8.75950432
-9.22342682
-8.79683685
-7.57879543
-9.0710001
-7.91261387
-8.42310524
-9.00372124
-7.647439
-9.12569332
-7.95876074
-8.12344646
-8.15976048
-9.20969582
-9.08336067
-8.91429043
-8.45753288
-7.85196543
-8.7257328
-8.84388828
-8.97880077
-8.95455265
-8.81027317
-9.45245743
-8.56473351
-8.9869175
-9.13024616
-8.66386509
-7.50193739
-8.75103569
-9.3234024
-9.58975887
-8.4020319
-8.95126247
-9.10501003
-9.05701923
-8.12717628
-7.95506239
-8.06967545
-9.10610962
-8.43762398
-8.4918766
-7.79214382
-8.93988991
-8.05037212
-8.63491535
-9.01137829
-8.54341793
-9.09040546
-8.00306606
-8.80229282
-8.3287344
-7.77314186
-9.26077747
-9.41918755
-7.8362875
-7.07927752
-8.83090401
-9.47631359
-6.62489367
-8.20654678
-8.19592953
-8.64674282
-7.31744766
-8.4966011
-9.27637482
-8.36705971
-7.69261265
-9.65278149
-8.23618221
-8.83337116
-8.98004818
-8.60677719
-8.50499344
-7.25755787
-9.39199066
-8.13042641
-8.74034691
-9.17154312
-7.7738719
-8.17385101
-7.88052654
-8.08718872
-8.76647472
-8.06831837
-7.69261885
-8.82669067
-7.87434912
-7.9099884
-8.8486557
-9.0829525
-8.00656605
-8.62569523
-7.92668056
-9.15493011
-8.3696661
-8.1963644
-8.09823322
-8.03382874
-8.8244791
-8.54946136
-8.6319828
-7.77240992
-8.60418224
-8.28009129
-8.38298512
-9.03635693
-7.68726492
-8.26032829
-8.63774109
-8.46482849
-8.57337284
-7.74432516
-9.12754154
-7.8548851
-8.48125172
-8.2967968
-8.90546513
-7.86705446
-8.55050468
-8.0693531
-8.4930191
-8.27351475
-8.63006115
-7.86778259
-7.85164022
-7.34451962
-9.14578533
-8.9395752
-8.13043594
-7.58272171
-8.32842064
-7.75869083
-7.83885336
-8.47072124
-7.16676283
-7.57437849
-9.8438015
-8.30891132
-9.07285023
-8.68161488
-9.27259827
-8.42154789
-8.86051083
-7.4415288
-9.34610367
-9.49802876
-8.11360836
-7.21559525
-8.23339748
-8.11175156
-8.63492393
-9.86891937
-9.19058704
-7.9078145
-8.9994421
-8.10205078
-8.4799633
-8.36780262
-8.68119621
-9.4732399
-7.95957375
-8.10307789
-8.52026367
-8.04357624
-8.26041126
-9.89104652
-8.42734718
-7.34062338
-8.04535103
-9.7955637
-7.74134636
-8.06191349
-7.73257351
-8.93331146
-8.49210835
-8.83573818
-8.49337959
-8.68389511
-9.04665565
-7.57493401
-8.4696722
-8.13855648
-8.13427544
-8.00152969
-8.42958832
-9.27459812
-8.88189507
-7.84272003
-8.91135406
-8.0469265
-7.70244646
-7.933887
-9.17096519
-7.61372471
-8.19305611
-8.29868317
-8.39300632
-8.06067848
-8.80661869
-9.21062279
-8.25898266
-8.13062382
-8.70040417
-8.98439693
-8.94850349
-8.28940582
-8.36098862
-8.22696304
-8.70351219
-8.0910244
-8.93764877
-8.92932415
-7.3235507
-8.29882431
-8.71171093
-8.65752888
-8.09030151
-7.74504757
-9.38174343
-9.14483833
-9.4637413
-8.61730957
-8.63789749
-8.58459473
-8.05035591
-8.68560028
-7.99280596
-6.90672874
-8.3005352
-8.67532825
-8.29050159
-8.01523781
-8.43254185
-7.46021938
-7.57302237
-8.93297482
-8.16247368
-8.50723743
-8.27389717
-8.60423183
-8.68088722
-8.9152317
-8.16173553
-7.80434275
-7.98371315
-8.18676949
-8.08516884
-8.5981226
-8.94578838
-8.28839016
-8.28591537
-9.54272652
-8.29025269
-8.19614697
-9.22482967
-7.22983646
-8.71740246
-8.65261555
-9.23897362
-7.45754528
-8.51341057
-8.60734177
-8.59290028
-7.87726879
-8.35894299
-8.54784775
-7.58103991
-7.79271841
-8.52382374
-9.02311802
-8.31231785
-8.7008934
-7.93910027
-9.52010059
-9.0017662
-8.80279064
-8.6312027
-9.17308044
-8.85988998
-7.67209911
-8.51549339
-9.25263023
-8.51631165
-8.467206
-8.63948441
-9.54298019
-8.72376633
-8.32191372
-8.84628391
-7.52637529
-9.38082695
-8.09825134
-8.50170994
-8.10647583
-9.43299103
-8.62470627
-9.23837471
-8.6578474
-7.67179441
-8.21088123
-8.88712502
-7.74562359
-8.16803455
-8.74176979
-7.85635042
-8.50224972
-7.44415903
-7.46600723
-7.92949295
-7.7094121
-9.01553345
-8.67226505
-8.16019249
-8.83224869
-8.51521015
-9.20842361
-7.57061815
-8.2982254
-8.60876465
-8.03487682
-7.94054794
-7.92775917
-8.23095608
-8.65285969
-8.25416851
-8.96418381
-8.21754742
-8.96115208
-8.7405262
-8.53463745
-8.70162678
-8.68268776
-8.55050755
-7.95396328
-7.41416359
-8.51550579
-7.56566429
-9.29317665
-7.51243734
-9.09113884
-8.69315243
-8.74433231
-8.34078789
-8.66116238
-9.44532299
-8.12298965
-8.92145061
-8.62169552
-8.97267246
-8.67399788
-8.28541756
-9.20061874
-8.26112175
-8.93528271
-9.12944984
-7.59828234
-7.66892815
-9.5861845
-8.55609512
-8.54615593
-7.73855305
-8.09316635
-8.80121708
-9.98370838
-9.23606396
-8.56230831
-8.15101337
-7.47490501
-9.79892063
-7.95730972
-8.69474888
-8.46521282
-8.78272247
-8.26959324
-8.18064404
-7.96331596
-8.94914055
-8.82333755
-8.47080326
-8.75341225
-7.98049688
-8.91166306
-8.19841576
-7.54667187
-8.59035397
-8.37446594
-7.92464018
-8.52882767
-8.79713726
-8.61880493
-9.59789467
-8.52466583
-8.01844025
-9.45800018
-8.82388306
-8.90756321
-8.25901699
-8.52110672
-7.68434334
-7.29788065
-8.82790947
-7.92048264
-8.58617592
-8.64363575
-8.52597713
-8.7562294
-9.03245258
-9.11670208
-8.59264183
-7.57469463
-8.28920746
-9.37105751
-8.38883018
-9.5091362
-8.54513836
-8.57018948
-7.24860811
-8.397295
-9.05710411
-8.15457535
-8.97817135
-7.67242908
-8.17659283
-8.45898533
-8.06326008
-8.89268875
-9.73139191
-7.99275208
-8.58424282
-8.86138439
-9.15879822
-7.34295416
-7.77275658
-8.99715424
-8.03480148
-8.90019131
-8.49705791
-8.62845612
-7.61797905
-8.71171951
-8.07175827
-8.66234303
-8.69814873
-8.2529707
-9.19963837
-9.25202179
-8.08807659
-8.1942091
-8.67629623
-9.02327442
-8.40908241
-8.58506584
-7.70906258
-8.46956825
-8.35379887
-7.99108601
-8.8058691
-8.58569908
-8.39276123
-7.7478323
-8.77771664
-8.97614098
-8.95585632
-8.40351963
-7.11899757
-7.78463411
-9.78348351
-8.42812347
-8.02223206
-8.45607376
-9.06391525
-8.2760973
-8.79415226
-8.37092781
-8.74775219
-8.69210339
-7.22043657
-8.93056488
-8.22701836
-8.91240692
-8.33548832
-7.7358551
-8.4740324
-8.22002602
-8.24896431
-8.20602226
-8.0171442
-8.80272675
-9.01028728
-7.50976181
-8.74710083
-8.65027237
-8.44967842
-9.29284286
-7.97771454
-9.51153374
-8.28651619
-7.24492455
-8.93221283
-8.44769478
-8.50649261
-7.92531252
-8.97474861
-8.42850113
-8.72926521
-7.94784212
-8.60875511
-8.65805626
-8.87611675
-7.02608347
-8.29577637
-7.11917019
-8.29681778
-7.39113665
-7.33631897
-9.43791008
-8.46151733
-9.92873955
-9.37148094
-7.08391094
-9.45714283
-8.58277225
-8.26464081
-9.26362801
-7.99289894
-8.55248451
-7.09578037
-8.49019814
-8.16359138
-7.77581263
-8.00099945
-8.45329857
-8.73839188
-8.45104599
-8.48198318
-8.70521164
-8.80495453
-7.8641963
-8.56081581
-8.1111927
-8.15529442
-8.96109295
-8.28745461
-8.2926054
-9.64334106
-9.30218983
-8.57064915
-7.63525248
-7.51495457
-8.80367088
-8.76276588
-8.51438332
-8.69753361
-8.52873611
-8.63638687
-6.84445095
-8.33330631
-8.5020895
-8.52761745
-8.46560097
-7.57571507
-8.51964188
-8.13107967
-7.80458832
-8.72486496
-8.97747326
-8.37723827
-8.70271492
-9.1711359
-8.44287014
-7.87441444
-8.12541771
-8.40451813
-7.53315115
-8.34827614
-8.28429222
-9.5065403
-8.81513405
-7.32188416
-8.6227293
-8.2339077
-8.25111961
-8.5294466
-8.46091366
-7.67477894
-8.71247959
-8.74866295
-8.96407318
-8.92538643
-8.44503689
-7.99003315
-7.66913986
-8.26363945
-8.53568745
-8.84753227
-8.74498844
-7.6485939
-7.6994276
-8.10942554
-7.72548771
-8.75284767
-7.52933216
-6.9616785
-7.70373631
-9.13812923
-9.14240551
-8.32635212
-7.66056442
-9.16864777
-8.59750175
-8.86932564
-8.82806683
-8.6982832
-8.52615356
-8.0942297
-8.12363815
-8.88884449
-7.52587843
-8.05915546
-8.46623993
-7.7084341
-8.82749081
-7.74248695
-8.13190842
-7.03370762
-9.31653786
-8.40585518
-8.04970551
-8.78320312
-7.88410425
-8.5794487
-8.76012802
-8.9726944
-9.057127
-7.73741436
-7.65283442
-7.95553923
-8.93479824
-7.88900757
-8.72123432
-9.49552155
-8.72165489
-8.74738789
-7.72717953
-8.74984169
-8.18640137
-8.62096596
-7.67187786
-7.69781399
-9.2143259
-7.62255955
-9.47149467
-7.94790554
-9.0212965
-8.56398678
-7.43296909
-8.41169739
-8.15800476
-8.7883997
-9.11042118
-8.55362034
-7.86617374
-7.59440422
-8.65039444
-7.70460796
-8.9631834
-7.46383476
-8.42396927
-8.02884579
-8.94955444
-7.775033
-9.66775417
-8.45127583
-8.33648777
-8.59043503
-8.27185154
-8.98045063
-8.91628456
-8.98115921
-8.53611469
-8.76020813
-8.17925453
-9.24494743
-7.98659229
-7.7621851
-8.70926952
-9.33191395
-8.96958065
-9.06365681
-7.56552505
-9.02498245
-8.42036915
-6.75976133
-8.7165966
-8.16576767
-8.30374718
-8.73759842
-8.61690998
-8.47900295
-8.39595318
-8.94390297
-8.59545612
-7.69289684
-8.15398788
-8.91163826
-8.58444023
-7.49645424
-9.15086079
-8.4364624
-9.39041519
-8.44890118
-8.0215168
-7.8738327
-8.5507412
-7.84575558
-9.31494045
-9.20219135
-7.7704916
-7.8223238
-8.23564243
-9.24776268
-8.44729233
-7.30287933
-8.69037533
-8.86234283
-6.51880217
-8.31891632
-8.49630833
-7.74730682
-8.61734676
-8.34270096
-8.76669598
-9.34287071
-8.24630737
-8.12681675
-8.89743996
-7.90758085
-7.81731606
-8.22775364
-8.69248009
-8.40363407
-8.66929913
-9.0465517
-8.24347878
-8.03471375
-8.71623325
-8.17086887
-8.67973995
-7.71547699
-8.29479408
-8.80645275
-8.39163113
-8.01327991
-8.18367767
-8.78840637
-8.59755611
-9.06262302
-8.8726244
-8.48085785
-8.01269054
-7.50469208
-9.152771
-9.31076431
-8.9757719
-7.77101374
-8.28398991
-8.60160351
-8.02794838
-9.06570148
-8.63623619
-8.25063992
-7.37994766
-8.22804451
-8.99567795
-9.69100475
-7.89120054
-8.38128281
-8.9368248
-8.62774467
-8.66488171
-7.65648651
-9.51730728
-9.2533989
-8.84662437
-8.34804821
-8.49392891
-9.30466461
-7.87793112
-8.63417053
-7.85443926
-8.60292816
-8.03443718
-8.8451643
-8.24622059
-7.92045546
-8.97287464
-8.91745567
-8.45572376
-8.020895
-8.37481976
-8.5958643
-8.78875732
-7.31641245
-8.87684822
-8.32426357
-8.4357481
-8.51472187
-9.21998596
-8.05612469
-8.39272499
-8.03279972
-8.47757816
-8.50248146
-8.5161953
-8.5333519
-7.84074688
-8.46922874
-8.18384933
-9.12412643
-8.33441162
-8.49132347
-8.35882759
-8.45827103
-7.40426159
-8.36502838
-8.73722363
-8.52316093
-7.86394691
-8.22566414
-8.68802929
-8.50242138
-7.94702482
-8.11706352
-8.21252441
-8.09449673
-8.39114952
-8.48321724
-8.19776344
-8.00160217
-9.12385845
-8.51436806
-8.46777534
-8.24932575
-7.91140556
-8.48774147
-8.20029163
-8.15984249
-8.35432529
-9.37243843
-8.63480759
-7.95758629
-8.58742905
-8.5119381
-9.32258987
-7.68649864
-8.21907043
-7.40102339
-8.55343056
-7.95956755
-9.28053761
-8.67425156
-7.69039965
-8.92612076
-9.18272209
-8.97210979
-8.21586323
-8.58156204
-7.24955654
-7.16236019
-8.01430225
-9.11329842
-7.12055349
-7.56926441
-7.90864706
-8.75105
-7.3622694
-7.99598026
-7.82168579
-7.69396591
-8.27507019
-8.80791855
-7.73466825
-8.66586208
-7.9591341
-8.97005177
-8.84504128
-8.03368473
-7.82605839
-7.77904415
-8.0725317
-8.74154186
-8.7007885
-8.7793417
-8.88183403
-8.56631851
-8.40333939
-8.67763233
-7.91550159
-8.97317219
-8.2556963
-8.76106548
-8.94387531
-8.7075758
-8.10019302
-8.68948174
-8.45860291
-8.91047764
-8.66670895
-8.10861683
-7.86975002
-8.79382515
-7.97012138
-8.33910656
-8.01763344
-9.74327755
-8.30378914
-8.35448742
-7.72577238
-8.59255219
-7.95667648
-8.3447094
-7.75781584
-8.76641846
-7.87547922
-8.15110111
-9.57230377
-8.17890358
-7.88210058
-9.32745266
-7.30589771
-7.79351807
-8.76679325
-9.49235821
-7.85934782
-8.20607662
-8.60472584
-8.77355194
-9.44031048
-8.51168537
-8.42759991
-8.83742619
-7.8754735
-8.53354359
-8.27996159
-8.29616737
-7.39096451
-8.14498711
-8.36190701
-8.54038334
-8.0211401
-8.29551125
-7.94969749
-7.60853291
-8.47875881
-8.67615509
-9.02061558
-8.29905605
-8.32408428
-9.15289021
-7.89190197
-7.89865589
-8.95954037
-7.52020025
-9.56405544
-8.4770565
-9.11270046
-8.96818733
-9.04970169
-9.1233263
-8.3935194
-8.47887516
-9.23770332
-9.06710434
-7.94215202
-7.80666399
-9.31460953
-8.04174042
-8.12868881
-8.52134895
-8.47929192
-8.27049065
-8.31349945
-9.5633688
-8.5935564
-8.92747116
-8.511343
-8.21992111
-8.36827469
-7.77864218
-8.39922333
-8.44541931
-7.92223263
-8.74984074
-8.41237259
-8.32571888
-7.87412834
-8.68712234
-9.16632843
-7.4805212
-8.12407207
-8.73092079
-9.09103966
-8.28063011
-8.14414883
-8.52205086
-9.45983887
-8.84444904
-8.17293262
-8.10074997
-8.21017456
-8.88166809
-7.98404455
-8.90354252
-8.53092957
-8.39502048
-9.18074036
-8.45922756
-8.56355858
-8.25224209
-9.33795738
-8.16452312
-8.84307003
-8.68259239
-8.11966324
-9.12813187
-8.25456047
-8.25224495
-7.67853355
-8.6638937
-7.54807901
-7.92900324
-8.69342041
-9.50810623
-9.17561817
-8.82872391
-8.81819248
-8.703372
-9.1901741
-9.14985847
-7.62603474
-8.52791405
-8.73564434
-9.03590679
-9.18074322
-8.05008984
-9.09467125
-8.39453602
-8.29497433
-9.28247738
-8.39684582
-8.86776924
-8.54865074
-9.0237999
-8.42192268
-8.77409363
-8.97077656
-8.88783836
-7.91369152
-8.17148685
-8.82876492
-8.47705269
-8.40738869
-8.7145853
-8.67059231
-9.49985313
-9.85878658
-7.92905951
-9.39567757
-8.98571873
-8.57997704
-8.92478085
-7.9879818
-9.04871082
-9.04629707
-9.07427025
-8.88993454
-8.20264339
-9.97354507
-8.89933872
-9.39327335
-9.62271881
-8.11778355
-8.87545681
-9.0739975
-9.5931406
-9.42712688
-8.88925934
-9.82640743
-8.68234253
-7.77447414
-9.06105614
-8.94348335
-8.60710335
-9.29924011
-8.92324924
-8.36986828
-8.8536768
-8.71252537
-8.76136494
-9.53981018
-8.44487667
-8.15275478
-8.60873699
-8.81472301
-8.19497585
-7.85475922
-9.0079298
-8.72031116
-8.44762802
-8.00887108
-9.03520012
-7.90175724
-8.10381699
-8.84453964
-8.45999146
-8.26531124
-8.10103607
-7.89806604
-8.54814434
-8.44750595
-8.88894463
-8.38363838
-8.70106792
-8.79302216
-7.78991747
-9.02516937
-7.78731918
-8.21815968
-8.76550102
-9.05147648
-8.11423492
-8.60075855
-8.86949921
-7.68939734
-8.89612579
-8.79375458
-8.01477337
-7.86362171
-8.42463017
-8.88492393
-8.5127058
-9.01861763
-8.47860336
-7.65421343
-6.90164328
-9.50011063
-8.72193146
-7.98455048
-7.28059578
-8.79585457
-9.26064205
-8.87695885
-8.6296463
-7.40004683
-8.05282307
-9.00777054
-8.6149683
-8.58998394
-8.55168533
-7.94702911
-7.35856152
-8.17351151
-8.18127918
-9.11644268
-8.38950825
-7.7607708
-8.36009884
-7.87953472
-9.40030479
-8.25536442
-7.53985643
-7.18873549
-7.37375736
-8.03754616
-8.8029604
-8.50022602
-9.79304409
-7.77995825
-7.99141455
-7.76895475
-7.81970835
-8.17715931
-8.39341068
-8.10926151
-8.65809441
-8.10503674
-8.74186134
-8.72781372
-7.96561384
-8.86998081
-8.7309742
-8.09990501
-8.4514389
-7.73474884
-8.50761223
-8.9741993
-8.93123245
-8.47922611
-8.31974125
-9.26850986
-9.03770256
-8.33273411
-7.81553602
-8.020751
-9.06912613
-7.96266365
-9.34461689
-8.01033115
-9.39598751
-8.62095261
-8.12072849
-8.4384346
-8.32127762
-8.5162487
-8.80098724
-8.41279793
-8.28678131
