65 10
268 240 351 978 884 906 889 162 616 414 
3843 399 760 742 431 263 641 456 730 777 
1779 417 971 242 61 732 822 275 65 1015 
1725 180 112 408 137 76 660 201 443 349 
3562 750 567 513 367 690 108 731 571 424 
1779 189 163 298 522 731 360 460 670 176 
1243 126 285 25 590 567 483 410 945 407 
3168 347 658 358 840 66 393 515 1017 168 
3786 967 82 603 990 275 137 572 210 137 
3886 305 430 792 765 640 493 419 706 520 
2147 26 846 513 765 629 678 905 719 662 
1680 633 955 564 835 224 763 422 943 455 
526 230 680 87 777 900 999 705 544 985 
2192 172 69 970 884 198 800 688 451 342 
2011 153 482 395 372 950 941 197 177 832 
1939 609 472 500 903 14 901 434 486 567 
1830 700 538 69 582 158 588 837 469 916 
512 378 511 806 419 925 576 668 248 638 
2499 292 358 410 419 57 576 579 948 213 
2499 292 335 413 419 57 378 391 535 898 
2499 452 216 413 419 6 378 1004 2 638 
1837 95 230 322 11 687 301 276 467 260 
2752 873 885 89 376 925 769 157 880 428 
3021 662 356 851 843 188 129 522 501 469 
1251 795 632 826 256 546 832 951 234 151 
1779 905 750 374 35 711 318 858 672 613 
606 189 578 298 306 791 799 895 464 340 
3158 950 272 194 521 621 940 323 914 100 
2827 814 949 385 341 433 1015 837 635 348 
957 922 458 703 362 1 568 202 603 712 
630 774 236 772 194 276 674 434 849 160 
2757 355 819 9 609 621 873 392 374 540 
2866 702 752 288 667 890 876 438 572 495 
452 287 669 325 272 168 908 454 461 228 
3807 922 379 511 592 259 590 337 337 641 
2060 758 138 758 82 784 659 168 1020 926 
1898 191 32 971 182 111 239 951 835 112 
410 191 32 240 395 7 143 725 66 869 
1571 261 583 508 433 834 795 43 108 212 
2442 902 665 943 918 615 643 626 107 1011 
909 150 817 9 1019 749 775 500 965 251 
3765 702 785 526 565 657 739 211 26 219 
518 56 562 731 227 640 276 952 212 674 
3849 152 693 224 849 712 407 674 823 209 
851 902 502 840 337 76 487 11 297 65 
1312 624 27 751 633 924 1009 202 28 515 
2757 586 718 587 489 934 979 348 399 896 
1498 613 940 407 58 307 719 473 1000 865 
543 581 823 894 354 127 250 233 347 222 
3470 971 793 416 873 99 520 848 756 613 
2803 214 73 838 233 626 358 168 671 228 
3828 665 339 652 835 544 630 565 857 432 
3393 462 372 630 428 787 544 736 786 2 
840 739 186 177 516 437 229 587 67 680 
1440 486 715 491 545 242 577 835 892 852 
2492 82 785 323 501 845 802 434 368 73 
2751 503 706 492 708 511 171 134 376 238 
3624 503 1007 41 272 252 345 758 632 325 
2621 180 270 59 656 748 108 16 475 367 
2286 576 239 548 805 806 410 417 163 671 
3038 808 126 141 609 368 390 90 655 472 
388 488 831 794 598 556 11 708 747 198 
2879 105 3 634 783 954 859 74 311 484 
2123 609 615 699 383 221 464 323 275 182 
1939 700 181 410 571 742 511 579 184 1019 
